['TestCinemas/Real\\Arena_2\\0.3.txt', 38, 38, 0.017000436782836914, 0.21506762504577637]
['TestCinemas/Real\\Arena_2\\0.5.txt', 43, 43, 0.021997928619384766, 0.2080094814300537]
['TestCinemas/Real\\Arena_2\\0.7.txt', 50, 52, 0.02400040626525879, 0.4739999771118164]
['TestCinemas/Real\\Arena_2\\0.9.txt', 48, 49, 0.02904033660888672, 0.2315073013305664]
['TestCinemas/Real\\Ede_9\\0.3.txt', 312, 313, 1.2569873332977295, 2.3830015659332275]
['TestCinemas/Real\\Ede_9\\0.5.txt', 337, 338, 1.5789995193481445, 11.732346296310425]
['TestCinemas/Real\\Ede_9\\0.7.txt', 358, 364, 1.8489997386932373, 11.686073064804077]
['TestCinemas/Real\\Ede_9\\0.9.txt', 379, 386, 2.063002347946167, 19.960779666900635]
['TestCinemas/Real\\Ede_9\\temp\\0.3.txt', 312, 313, 1.2190124988555908, 2.364417314529419]
['TestCinemas/Real\\Maastricht_2\\0.3.txt', 24, 24, 0.005998134613037109, 0.011002302169799805]
['TestCinemas/Real\\Maastricht_2\\0.5.txt', 29, 30, 0.0069997310638427734, 0.02500009536743164]
['TestCinemas/Real\\Maastricht_2\\0.7.txt', 29, 29, 0.007999897003173828, 0.10898733139038086]
['TestCinemas/Real\\Maastricht_2\\0.9.txt', 32, 33, 0.011002540588378906, 0.0279996395111084]
['TestCinemas/Real\\Spuimarkt_2\\0.3.txt', 60, 60, 0.0410001277923584, 0.1120002269744873]
['TestCinemas/Real\\Spuimarkt_2\\0.5.txt', 63, 63, 0.05200028419494629, 0.09000015258789062]
['TestCinemas/Real\\Spuimarkt_2\\0.7.txt', 70, 70, 0.06100058555603027, 0.652987003326416]
['TestCinemas/Real\\Spuimarkt_2\\0.9.txt', 81, 77, 0.06599998474121094, 0.5149874687194824]
['TestCinemas/Real\\Tillburg_4\\0.3.txt', 114, 114, 0.1645641326904297, 0.24401068687438965]
['TestCinemas/Real\\Tillburg_4\\0.5.txt', 128, 129, 0.1959981918334961, 0.3490016460418701]
['TestCinemas/Real\\Tillburg_4\\0.7.txt', 135, 138, 0.21701288223266602, 1.6019890308380127]
['TestCinemas/Real\\Tillburg_4\\0.9.txt', 148, 150, 0.2430126667022705, 1.8319878578186035]
['TestCinemas/Real\\Tillburg_4\\temp\\0.3.txt', 114, 114, 0.16401290893554688, 0.24599981307983398]
['TestCinemas/Real\\Tillburg_4\\temp\\0.5.txt', 128, 129, 0.19500041007995605, 0.34399986267089844]
['TestCinemas/Real\\Tillburg_4\\temp\\0.7.txt', 135, 138, 0.21900010108947754, 1.6040000915527344]
['TestCinemas/Real\\Tillburg_4\\temp\\0.9.txt', 148, 150, 0.24399781227111816, 1.7690024375915527]
