'TestCinemas/Random/110\\random_nrc_10_11_pe_0%_po_30.0%_1.txt', 33, 33, 0.01200103759765625, 0.1699998378753662
'TestCinemas/Random/110\\random_nrc_10_11_pe_0%_po_30.0%_2.txt', 33, 33, 0.013002634048461914, 0.017000675201416016
'TestCinemas/Random/110\\random_nrc_10_11_pe_0%_po_30.0%_3.txt', 33, 33, 0.01300048828125, 0.04300212860107422
'TestCinemas/Random/110\\random_nrc_10_11_pe_0%_po_30.0%_4.txt', 33, 33, 0.01200246810913086, 0.167999267578125
'TestCinemas/Random/110\\random_nrc_10_11_pe_0%_po_30.0%_5.txt', 33, 33, 0.012001276016235352, 0.17099738121032715
'TestCinemas/Random/110\\random_nrc_10_11_pe_0%_po_50.0%_1.txt', 41, 41, 0.015998125076293945, 0.03500199317932129
'TestCinemas/Random/110\\random_nrc_10_11_pe_0%_po_50.0%_2.txt', 44, 42, 0.016000747680664062, 0.05899953842163086
'TestCinemas/Random/110\\random_nrc_10_11_pe_0%_po_50.0%_3.txt', 38, 38, 0.015000104904174805, 0.17300105094909668
'TestCinemas/Random/110\\random_nrc_10_11_pe_0%_po_50.0%_4.txt', 39, 39, 0.01600170135498047, 0.032998085021972656
'TestCinemas/Random/110\\random_nrc_10_11_pe_0%_po_50.0%_5.txt', 38, 38, 0.01600027084350586, 0.025000810623168945
'TestCinemas/Random/110\\random_nrc_10_11_pe_0%_po_70.0%_1.txt', 42, 41, 0.01699995994567871, 0.1919996738433838
'TestCinemas/Random/110\\random_nrc_10_11_pe_0%_po_70.0%_2.txt', 36, 36, 0.018001794815063477, 0.02199840545654297
'TestCinemas/Random/110\\random_nrc_10_11_pe_0%_po_70.0%_3.txt', 41, 42, 0.01900005340576172, 0.06400132179260254
'TestCinemas/Random/110\\random_nrc_10_11_pe_0%_po_70.0%_4.txt', 39, 39, 0.01999974250793457, 0.03800082206726074
'TestCinemas/Random/110\\random_nrc_10_11_pe_0%_po_70.0%_5.txt', 45, 42, 0.017000198364257812, 0.21300196647644043
'TestCinemas/Random/110\\random_nrc_10_11_pe_0%_po_90.0%_1.txt', 41, 41, 0.02200007438659668, 0.03399991989135742
'TestCinemas/Random/110\\random_nrc_10_11_pe_0%_po_90.0%_2.txt', 40, 40, 0.02200031280517578, 0.032000064849853516
'TestCinemas/Random/110\\random_nrc_10_11_pe_0%_po_90.0%_3.txt', 46, 46, 0.020000219345092773, 0.031000137329101562
'TestCinemas/Random/110\\random_nrc_10_11_pe_0%_po_90.0%_4.txt', 46, 44, 0.019002914428710938, 0.06299877166748047
'TestCinemas/Random/110\\random_nrc_10_11_pe_0%_po_90.0%_5.txt', 41, 41, 0.021999359130859375, 0.03900480270385742
'TestCinemas/Random/110\\random_nrc_10_11_pe_20.0%_po_30.0%_1.txt', 27, 27, 0.006996870040893555, 0.1250002384185791
'TestCinemas/Random/110\\random_nrc_10_11_pe_20.0%_po_30.0%_2.txt', 24, 24, 0.007002830505371094, 0.008996963500976562
'TestCinemas/Random/110\\random_nrc_10_11_pe_20.0%_po_30.0%_3.txt', 28, 28, 0.009000062942504883, 0.014000654220581055
'TestCinemas/Random/110\\random_nrc_10_11_pe_20.0%_po_30.0%_4.txt', 26, 26, 0.007000446319580078, 0.018002033233642578
'TestCinemas/Random/110\\random_nrc_10_11_pe_20.0%_po_30.0%_5.txt', 26, 26, 0.008996725082397461, 0.012001991271972656
'TestCinemas/Random/110\\random_nrc_10_11_pe_20.0%_po_50.0%_1.txt', 31, 31, 0.010999917984008789, 0.01600050926208496
'TestCinemas/Random/110\\random_nrc_10_11_pe_20.0%_po_50.0%_2.txt', 33, 43, 0.0060024261474609375, 0.19099831581115723
'TestCinemas/Random/110\\random_nrc_10_11_pe_20.0%_po_50.0%_3.txt', 34, 32, 0.008997678756713867, 0.015001535415649414
'TestCinemas/Random/110\\random_nrc_10_11_pe_20.0%_po_50.0%_4.txt', 36, 37, 0.008999824523925781, 0.13700103759765625
'TestCinemas/Random/110\\random_nrc_10_11_pe_20.0%_po_50.0%_5.txt', 35, 35, 0.010000228881835938, 0.13200068473815918
'TestCinemas/Random/110\\random_nrc_10_11_pe_20.0%_po_70.0%_1.txt', 36, 37, 0.007999897003173828, 0.19100022315979004
'TestCinemas/Random/110\\random_nrc_10_11_pe_20.0%_po_70.0%_2.txt', 35, 37, 0.011000394821166992, 0.12299990653991699
'TestCinemas/Random/110\\random_nrc_10_11_pe_20.0%_po_70.0%_3.txt', 38, 39, 0.010999202728271484, 0.036002397537231445
'TestCinemas/Random/110\\random_nrc_10_11_pe_20.0%_po_70.0%_4.txt', 37, 38, 0.009999990463256836, 0.04400062561035156
'TestCinemas/Random/110\\random_nrc_10_11_pe_20.0%_po_70.0%_5.txt', 36, 36, 0.012000083923339844, 0.022003173828125
'TestCinemas/Random/110\\random_nrc_10_11_pe_20.0%_po_90.0%_1.txt', 34, 36, 0.012001276016235352, 0.020998477935791016
'TestCinemas/Random/110\\random_nrc_10_11_pe_20.0%_po_90.0%_2.txt', 40, 37, 0.013998270034790039, 0.03999972343444824
'TestCinemas/Random/110\\random_nrc_10_11_pe_20.0%_po_90.0%_3.txt', 36, 40, 0.015000343322753906, 0.038002967834472656
'TestCinemas/Random/110\\random_nrc_10_11_pe_20.0%_po_90.0%_4.txt', 36, 36, 0.0149993896484375, 0.02899932861328125
'TestCinemas/Random/110\\random_nrc_10_11_pe_20.0%_po_90.0%_5.txt', 40, 46, 0.01100015640258789, 0.26300048828125
'TestCinemas/Random/110\\random_nrc_10_11_pe_40.0%_po_30.0%_1.txt', 21, 21, 0.004002094268798828, 0.0069997310638427734
'TestCinemas/Random/110\\random_nrc_10_11_pe_40.0%_po_30.0%_2.txt', 20, 20, 0.003999948501586914, 0.0070002079010009766
'TestCinemas/Random/110\\random_nrc_10_11_pe_40.0%_po_30.0%_3.txt', 21, 21, 0.004999876022338867, 0.00800013542175293
'TestCinemas/Random/110\\random_nrc_10_11_pe_40.0%_po_30.0%_4.txt', 18, 18, 0.0029993057250976562, 0.006999969482421875
'TestCinemas/Random/110\\random_nrc_10_11_pe_40.0%_po_30.0%_5.txt', 21, 21, 0.004000186920166016, 0.07799983024597168
'TestCinemas/Random/110\\random_nrc_10_11_pe_40.0%_po_50.0%_1.txt', 28, 28, 0.0060002803802490234, 0.00800013542175293
'TestCinemas/Random/110\\random_nrc_10_11_pe_40.0%_po_50.0%_2.txt', 28, 28, 0.006000518798828125, 0.007999658584594727
'TestCinemas/Random/110\\random_nrc_10_11_pe_40.0%_po_50.0%_3.txt', 31, 31, 0.007000923156738281, 0.014998197555541992
'TestCinemas/Random/110\\random_nrc_10_11_pe_40.0%_po_50.0%_4.txt', 28, 28, 0.00699925422668457, 0.009002923965454102
'TestCinemas/Random/110\\random_nrc_10_11_pe_40.0%_po_50.0%_5.txt', 29, 29, 0.0050008296966552734, 0.008999347686767578
'TestCinemas/Random/110\\random_nrc_10_11_pe_40.0%_po_70.0%_1.txt', 28, 28, 0.00500178337097168, 0.009999752044677734
'TestCinemas/Random/110\\random_nrc_10_11_pe_40.0%_po_70.0%_2.txt', 30, 30, 0.008002042770385742, 0.016000032424926758
'TestCinemas/Random/110\\random_nrc_10_11_pe_40.0%_po_70.0%_3.txt', 35, 32, 0.007002592086791992, 0.02499699592590332
'TestCinemas/Random/110\\random_nrc_10_11_pe_40.0%_po_70.0%_4.txt', 30, 29, 0.008001565933227539, 0.022998809814453125
'TestCinemas/Random/110\\random_nrc_10_11_pe_40.0%_po_70.0%_5.txt', 29, 29, 0.006002902984619141, 0.007999420166015625
'TestCinemas/Random/110\\random_nrc_10_11_pe_40.0%_po_90.0%_1.txt', 28, 28, 0.009999990463256836, 0.013000011444091797
'TestCinemas/Random/110\\random_nrc_10_11_pe_40.0%_po_90.0%_2.txt', 30, 33, 0.007000923156738281, 0.02599930763244629
'TestCinemas/Random/110\\random_nrc_10_11_pe_40.0%_po_90.0%_3.txt', 26, 26, 0.01100015640258789, 0.01299738883972168
'TestCinemas/Random/110\\random_nrc_10_11_pe_40.0%_po_90.0%_4.txt', 27, 28, 0.0070018768310546875, 0.016998291015625
'TestCinemas/Random/110\\random_nrc_10_11_pe_40.0%_po_90.0%_5.txt', 28, 28, 0.0070002079010009766, 0.009512186050415039
'TestCinemas/Random/110\\random_nrc_10_11_pe_60.0%_po_30.0%_1.txt', 10, 10, 0.0010004043579101562, 0.0019998550415039062
'TestCinemas/Random/110\\random_nrc_10_11_pe_60.0%_po_30.0%_2.txt', 13, 13, 0.001999378204345703, 0.002000570297241211
'TestCinemas/Random/110\\random_nrc_10_11_pe_60.0%_po_30.0%_3.txt', 11, 11, 0.0020003318786621094, 0.0019998550415039062
'TestCinemas/Random/110\\random_nrc_10_11_pe_60.0%_po_30.0%_4.txt', 12, 12, 0.002002716064453125, 0.002997159957885742
'TestCinemas/Random/110\\random_nrc_10_11_pe_60.0%_po_30.0%_5.txt', 13, 13, 0.0019986629486083984, 0.004000186920166016
'TestCinemas/Random/110\\random_nrc_10_11_pe_60.0%_po_50.0%_1.txt', 23, 23, 0.005000591278076172, 0.005999326705932617
'TestCinemas/Random/110\\random_nrc_10_11_pe_60.0%_po_50.0%_2.txt', 18, 18, 0.003002643585205078, 0.0049974918365478516
'TestCinemas/Random/110\\random_nrc_10_11_pe_60.0%_po_50.0%_3.txt', 16, 16, 0.0039975643157958984, 0.003999948501586914
'TestCinemas/Random/110\\random_nrc_10_11_pe_60.0%_po_50.0%_4.txt', 13, 13, 0.002000093460083008, 0.0029997825622558594
'TestCinemas/Random/110\\random_nrc_10_11_pe_60.0%_po_50.0%_5.txt', 22, 22, 0.0039975643157958984, 0.005001068115234375
'TestCinemas/Random/110\\random_nrc_10_11_pe_60.0%_po_70.0%_1.txt', 20, 20, 0.003000020980834961, 0.004000186920166016
'TestCinemas/Random/110\\random_nrc_10_11_pe_60.0%_po_70.0%_2.txt', 13, 13, 0.0029976367950439453, 0.004000186920166016
'TestCinemas/Random/110\\random_nrc_10_11_pe_60.0%_po_70.0%_3.txt', 14, 14, 0.003000020980834961, 0.006000041961669922
'TestCinemas/Random/110\\random_nrc_10_11_pe_60.0%_po_70.0%_4.txt', 28, 29, 0.0039997100830078125, 0.007001399993896484
'TestCinemas/Random/110\\random_nrc_10_11_pe_60.0%_po_70.0%_5.txt', 17, 17, 0.003999471664428711, 0.006002664566040039
'TestCinemas/Random/110\\random_nrc_10_11_pe_60.0%_po_90.0%_1.txt', 15, 15, 0.0030002593994140625, 0.00500035285949707
'TestCinemas/Random/110\\random_nrc_10_11_pe_60.0%_po_90.0%_2.txt', 23, 23, 0.004000186920166016, 0.0060002803802490234
'TestCinemas/Random/110\\random_nrc_10_11_pe_60.0%_po_90.0%_3.txt', 19, 19, 0.0060002803802490234, 0.006999969482421875
'TestCinemas/Random/110\\random_nrc_10_11_pe_60.0%_po_90.0%_4.txt', 23, 23, 0.005000591278076172, 0.010000228881835938
'TestCinemas/Random/110\\random_nrc_10_11_pe_60.0%_po_90.0%_5.txt', 18, 20, 0.003997325897216797, 0.006000041961669922
'TestCinemas/Random/110\\random_nrc_10_11_pe_80.0%_po_30.0%_1.txt', 8, 8, 0.0, 0.001997709274291992
'TestCinemas/Random/110\\random_nrc_10_11_pe_80.0%_po_30.0%_2.txt', 7, 7, 0.0010001659393310547, 0.002002239227294922
'TestCinemas/Random/110\\random_nrc_10_11_pe_80.0%_po_30.0%_3.txt', 4, 4, 0.0010001659393310547, 0.0010001659393310547
'TestCinemas/Random/110\\random_nrc_10_11_pe_80.0%_po_30.0%_4.txt', 8, 8, 0.0010001659393310547, 0.002000093460083008
'TestCinemas/Random/110\\random_nrc_10_11_pe_80.0%_po_30.0%_5.txt', 8, 8, 0.0010004043579101562, 0.0019998550415039062
'TestCinemas/Random/110\\random_nrc_10_11_pe_80.0%_po_50.0%_1.txt', 4, 4, 0.0, 0.00099945068359375
'TestCinemas/Random/110\\random_nrc_10_11_pe_80.0%_po_50.0%_2.txt', 10, 10, 0.0009989738464355469, 0.0020003318786621094
'TestCinemas/Random/110\\random_nrc_10_11_pe_80.0%_po_50.0%_3.txt', 12, 12, 0.0010001659393310547, 0.002001047134399414
'TestCinemas/Random/110\\random_nrc_10_11_pe_80.0%_po_50.0%_4.txt', 13, 13, 0.002000093460083008, 0.002000093460083008
'TestCinemas/Random/110\\random_nrc_10_11_pe_80.0%_po_50.0%_5.txt', 12, 12, 0.0020029544830322266, 0.0019965171813964844
'TestCinemas/Random/110\\random_nrc_10_11_pe_80.0%_po_70.0%_1.txt', 5, 5, 0.0010006427764892578, 0.001999378204345703
'TestCinemas/Random/110\\random_nrc_10_11_pe_80.0%_po_70.0%_2.txt', 7, 7, 0.0010020732879638672, 0.0010006427764892578
'TestCinemas/Random/110\\random_nrc_10_11_pe_80.0%_po_70.0%_3.txt', 8, 8, 0.0009996891021728516, 0.0010001659393310547
'TestCinemas/Random/110\\random_nrc_10_11_pe_80.0%_po_70.0%_4.txt', 5, 5, 0.0010001659393310547, 0.002000570297241211
'TestCinemas/Random/110\\random_nrc_10_11_pe_80.0%_po_70.0%_5.txt', 8, 8, 0.00199127197265625, 0.002001047134399414
'TestCinemas/Random/110\\random_nrc_10_11_pe_80.0%_po_90.0%_1.txt', 7, 7, 0.0020003318786621094, 0.0019996166229248047
'TestCinemas/Random/110\\random_nrc_10_11_pe_80.0%_po_90.0%_2.txt', 10, 10, 0.0020003318786621094, 0.0039997100830078125
'TestCinemas/Random/110\\random_nrc_10_11_pe_80.0%_po_90.0%_3.txt', 12, 12, 0.0029997825622558594, 0.003002166748046875
'TestCinemas/Random/110\\random_nrc_10_11_pe_80.0%_po_90.0%_4.txt', 7, 7, 0.0014150142669677734, 0.0029997825622558594
'TestCinemas/Random/110\\random_nrc_10_11_pe_80.0%_po_90.0%_5.txt', 10, 10, 0.0010004043579101562, 0.0029997825622558594
