'TestCinemas/Random/400\\random_nrc_20_20_pe_0%_po_30.0%_1.txt', 117, 117, 0.18400096893310547, 0.303999662399292
'TestCinemas/Random/400\\random_nrc_20_20_pe_0%_po_30.0%_2.txt', 119, 119, 0.20100069046020508, 1.1079988479614258
'TestCinemas/Random/400\\random_nrc_20_20_pe_0%_po_30.0%_3.txt', 120, 120, 0.1849994659423828, 2.2825961112976074
'TestCinemas/Random/400\\random_nrc_20_20_pe_0%_po_30.0%_4.txt', 118, 120, 0.1869978904724121, 1.1009995937347412
'TestCinemas/Random/400\\random_nrc_20_20_pe_0%_po_30.0%_5.txt', 120, 120, 0.1809995174407959, 1.7319998741149902
'TestCinemas/Random/400\\random_nrc_20_20_pe_0%_po_50.0%_1.txt', 143, 147, 0.22699928283691406, 2.9749984741210938
'TestCinemas/Random/400\\random_nrc_20_20_pe_0%_po_50.0%_2.txt', 130, 137, 0.22900080680847168, 0.5249991416931152
'TestCinemas/Random/400\\random_nrc_20_20_pe_0%_po_50.0%_3.txt', 136, 136, 0.23099756240844727, 1.6939971446990967
'TestCinemas/Random/400\\random_nrc_20_20_pe_0%_po_50.0%_4.txt', 133, 135, 0.22999882698059082, 1.687002420425415
'TestCinemas/Random/400\\random_nrc_20_20_pe_0%_po_50.0%_5.txt', 129, 133, 0.23199844360351562, 0.427001953125
'TestCinemas/Random/400\\random_nrc_20_20_pe_0%_po_70.0%_1.txt', 134, 144, 0.2680017948150635, 1.8731045722961426
'TestCinemas/Random/400\\random_nrc_20_20_pe_0%_po_70.0%_2.txt', 138, 139, 0.26200199127197266, 1.1369986534118652
'TestCinemas/Random/400\\random_nrc_20_20_pe_0%_po_70.0%_3.txt', 131, 133, 0.2780001163482666, 1.2060024738311768
'TestCinemas/Random/400\\random_nrc_20_20_pe_0%_po_70.0%_4.txt', 141, 148, 0.26599550247192383, 0.899003267288208
'TestCinemas/Random/400\\random_nrc_20_20_pe_0%_po_70.0%_5.txt', 137, 140, 0.27699828147888184, 2.548002243041992
'TestCinemas/Random/400\\random_nrc_20_20_pe_0%_po_90.0%_1.txt', 129, 145, 0.31599974632263184, 1.269996166229248
'TestCinemas/Random/400\\random_nrc_20_20_pe_0%_po_90.0%_2.txt', 143, 145, 0.31200218200683594, 2.028998851776123
'TestCinemas/Random/400\\random_nrc_20_20_pe_0%_po_90.0%_3.txt', 152, 152, 0.3040037155151367, 4.152507781982422
'TestCinemas/Random/400\\random_nrc_20_20_pe_0%_po_90.0%_4.txt', 149, 154, 0.29599905014038086, 3.6210033893585205
'TestCinemas/Random/400\\random_nrc_20_20_pe_0%_po_90.0%_5.txt', 146, 147, 0.298001766204834, 1.5470006465911865
'TestCinemas/Random/400\\random_nrc_20_20_pe_20.0%_po_30.0%_1.txt', 94, 94, 0.11100125312805176, 0.23200035095214844
'TestCinemas/Random/400\\random_nrc_20_20_pe_20.0%_po_30.0%_2.txt', 99, 99, 0.11599993705749512, 0.7670013904571533
'TestCinemas/Random/400\\random_nrc_20_20_pe_20.0%_po_30.0%_3.txt', 100, 100, 0.1249992847442627, 0.21300077438354492
'TestCinemas/Random/400\\random_nrc_20_20_pe_20.0%_po_30.0%_4.txt', 94, 94, 0.1139984130859375, 0.1660006046295166
'TestCinemas/Random/400\\random_nrc_20_20_pe_20.0%_po_30.0%_5.txt', 99, 99, 0.11899995803833008, 0.22899913787841797
'TestCinemas/Random/400\\random_nrc_20_20_pe_20.0%_po_50.0%_1.txt', 121, 118, 0.1309976577758789, 1.1460034847259521
'TestCinemas/Random/400\\random_nrc_20_20_pe_20.0%_po_50.0%_2.txt', 114, 117, 0.14299869537353516, 0.2700009346008301
'TestCinemas/Random/400\\random_nrc_20_20_pe_20.0%_po_50.0%_3.txt', 118, 123, 0.14300060272216797, 0.8850016593933105
'TestCinemas/Random/400\\random_nrc_20_20_pe_20.0%_po_50.0%_4.txt', 113, 113, 0.13700199127197266, 0.6929984092712402
'TestCinemas/Random/400\\random_nrc_20_20_pe_20.0%_po_50.0%_5.txt', 120, 125, 0.11700153350830078, 0.7660012245178223
'TestCinemas/Random/400\\random_nrc_20_20_pe_20.0%_po_70.0%_1.txt', 126, 124, 0.15600156784057617, 1.238001823425293
'TestCinemas/Random/400\\random_nrc_20_20_pe_20.0%_po_70.0%_2.txt', 123, 132, 0.13299846649169922, 1.6755390167236328
'TestCinemas/Random/400\\random_nrc_20_20_pe_20.0%_po_70.0%_3.txt', 115, 117, 0.15200376510620117, 0.6869959831237793
'TestCinemas/Random/400\\random_nrc_20_20_pe_20.0%_po_70.0%_4.txt', 124, 135, 0.14600253105163574, 1.8010008335113525
'TestCinemas/Random/400\\random_nrc_20_20_pe_20.0%_po_70.0%_5.txt', 119, 120, 0.15000081062316895, 1.6079983711242676
'TestCinemas/Random/400\\random_nrc_20_20_pe_20.0%_po_90.0%_1.txt', 129, 130, 0.1920008659362793, 2.083000898361206
'TestCinemas/Random/400\\random_nrc_20_20_pe_20.0%_po_90.0%_2.txt', 123, 123, 0.1809992790222168, 1.204003095626831
'TestCinemas/Random/400\\random_nrc_20_20_pe_20.0%_po_90.0%_3.txt', 134, 138, 0.18000149726867676, 2.3399994373321533
'TestCinemas/Random/400\\random_nrc_20_20_pe_20.0%_po_90.0%_4.txt', 121, 124, 0.17499804496765137, 0.7739987373352051
'TestCinemas/Random/400\\random_nrc_20_20_pe_20.0%_po_90.0%_5.txt', 124, 128, 0.1770012378692627, 0.47499966621398926
'TestCinemas/Random/400\\random_nrc_20_20_pe_40.0%_po_30.0%_1.txt', 74, 74, 0.05600237846374512, 0.4270005226135254
'TestCinemas/Random/400\\random_nrc_20_20_pe_40.0%_po_30.0%_2.txt', 62, 70, 0.047998905181884766, 0.6119999885559082
'TestCinemas/Random/400\\random_nrc_20_20_pe_40.0%_po_30.0%_3.txt', 76, 76, 0.07299923896789551, 0.12599992752075195
'TestCinemas/Random/400\\random_nrc_20_20_pe_40.0%_po_30.0%_4.txt', 71, 71, 0.06299948692321777, 0.11600232124328613
'TestCinemas/Random/400\\random_nrc_20_20_pe_40.0%_po_30.0%_5.txt', 68, 68, 0.06000328063964844, 0.10399842262268066
'TestCinemas/Random/400\\random_nrc_20_20_pe_40.0%_po_50.0%_1.txt', 99, 108, 0.08100223541259766, 0.7660002708435059
'TestCinemas/Random/400\\random_nrc_20_20_pe_40.0%_po_50.0%_2.txt', 103, 103, 0.08100342750549316, 0.4559965133666992
'TestCinemas/Random/400\\random_nrc_20_20_pe_40.0%_po_50.0%_3.txt', 98, 98, 0.06699728965759277, 0.12700128555297852
'TestCinemas/Random/400\\random_nrc_20_20_pe_40.0%_po_50.0%_4.txt', 94, 94, 0.06200003623962402, 0.20999979972839355
'TestCinemas/Random/400\\random_nrc_20_20_pe_40.0%_po_50.0%_5.txt', 81, 83, 0.07100033760070801, 0.10300087928771973
'TestCinemas/Random/400\\random_nrc_20_20_pe_40.0%_po_70.0%_1.txt', 106, 106, 0.09799909591674805, 0.495999813079834
'TestCinemas/Random/400\\random_nrc_20_20_pe_40.0%_po_70.0%_2.txt', 91, 99, 0.07899689674377441, 0.8149995803833008
'TestCinemas/Random/400\\random_nrc_20_20_pe_40.0%_po_70.0%_3.txt', 99, 100, 0.08700156211853027, 0.1959996223449707
'TestCinemas/Random/400\\random_nrc_20_20_pe_40.0%_po_70.0%_4.txt', 100, 107, 0.07699894905090332, 0.7850000858306885
'TestCinemas/Random/400\\random_nrc_20_20_pe_40.0%_po_70.0%_5.txt', 96, 100, 0.08900117874145508, 0.19199895858764648
'TestCinemas/Random/400\\random_nrc_20_20_pe_40.0%_po_90.0%_1.txt', 117, 116, 0.11099863052368164, 0.6370031833648682
'TestCinemas/Random/400\\random_nrc_20_20_pe_40.0%_po_90.0%_2.txt', 106, 108, 0.09600138664245605, 0.7519996166229248
'TestCinemas/Random/400\\random_nrc_20_20_pe_40.0%_po_90.0%_3.txt', 105, 107, 0.10500216484069824, 0.5162384510040283
'TestCinemas/Random/400\\random_nrc_20_20_pe_40.0%_po_90.0%_4.txt', 107, 112, 0.10799837112426758, 0.75
'TestCinemas/Random/400\\random_nrc_20_20_pe_40.0%_po_90.0%_5.txt', 106, 108, 0.11899757385253906, 0.5580008029937744
'TestCinemas/Random/400\\random_nrc_20_20_pe_60.0%_po_30.0%_1.txt', 50, 50, 0.03399991989135742, 0.06199908256530762
'TestCinemas/Random/400\\random_nrc_20_20_pe_60.0%_po_30.0%_2.txt', 45, 45, 0.028996944427490234, 0.04200005531311035
'TestCinemas/Random/400\\random_nrc_20_20_pe_60.0%_po_30.0%_3.txt', 48, 48, 0.026000261306762695, 0.0540003776550293
'TestCinemas/Random/400\\random_nrc_20_20_pe_60.0%_po_30.0%_4.txt', 50, 50, 0.03299903869628906, 0.056000471115112305
'TestCinemas/Random/400\\random_nrc_20_20_pe_60.0%_po_30.0%_5.txt', 50, 50, 0.03300023078918457, 0.047995805740356445
'TestCinemas/Random/400\\random_nrc_20_20_pe_60.0%_po_50.0%_1.txt', 63, 61, 0.04000258445739746, 0.07199883460998535
'TestCinemas/Random/400\\random_nrc_20_20_pe_60.0%_po_50.0%_2.txt', 65, 65, 0.0449984073638916, 0.06800293922424316
'TestCinemas/Random/400\\random_nrc_20_20_pe_60.0%_po_50.0%_3.txt', 70, 70, 0.03999686241149902, 0.0670006275177002
'TestCinemas/Random/400\\random_nrc_20_20_pe_60.0%_po_50.0%_4.txt', 68, 70, 0.0500025749206543, 0.10499930381774902
'TestCinemas/Random/400\\random_nrc_20_20_pe_60.0%_po_50.0%_5.txt', 59, 59, 0.0370025634765625, 0.05899763107299805
'TestCinemas/Random/400\\random_nrc_20_20_pe_60.0%_po_70.0%_1.txt', 76, 81, 0.04300236701965332, 0.12399768829345703
'TestCinemas/Random/400\\random_nrc_20_20_pe_60.0%_po_70.0%_2.txt', 71, 75, 0.04400014877319336, 0.12500214576721191
'TestCinemas/Random/400\\random_nrc_20_20_pe_60.0%_po_70.0%_3.txt', 74, 72, 0.05300092697143555, 0.08800077438354492
'TestCinemas/Random/400\\random_nrc_20_20_pe_60.0%_po_70.0%_4.txt', 67, 73, 0.0410003662109375, 0.08299994468688965
'TestCinemas/Random/400\\random_nrc_20_20_pe_60.0%_po_70.0%_5.txt', 67, 67, 0.04700112342834473, 0.07899785041809082
'TestCinemas/Random/400\\random_nrc_20_20_pe_60.0%_po_90.0%_1.txt', 83, 86, 0.051011085510253906, 0.1230006217956543
'TestCinemas/Random/400\\random_nrc_20_20_pe_60.0%_po_90.0%_2.txt', 74, 74, 0.06299996376037598, 0.09401082992553711
'TestCinemas/Random/400\\random_nrc_20_20_pe_60.0%_po_90.0%_3.txt', 74, 74, 0.05399918556213379, 0.08900165557861328
'TestCinemas/Random/400\\random_nrc_20_20_pe_60.0%_po_90.0%_4.txt', 70, 72, 0.06399822235107422, 0.08999967575073242
'TestCinemas/Random/400\\random_nrc_20_20_pe_60.0%_po_90.0%_5.txt', 69, 71, 0.060001373291015625, 0.2579987049102783
'TestCinemas/Random/400\\random_nrc_20_20_pe_80.0%_po_30.0%_1.txt', 26, 26, 0.009000301361083984, 0.018999099731445312
'TestCinemas/Random/400\\random_nrc_20_20_pe_80.0%_po_30.0%_2.txt', 16, 16, 0.009002923965454102, 0.011999368667602539
'TestCinemas/Random/400\\random_nrc_20_20_pe_80.0%_po_30.0%_3.txt', 27, 27, 0.011000633239746094, 0.016999483108520508
'TestCinemas/Random/400\\random_nrc_20_20_pe_80.0%_po_30.0%_4.txt', 20, 20, 0.007001638412475586, 0.012000799179077148
'TestCinemas/Random/400\\random_nrc_20_20_pe_80.0%_po_30.0%_5.txt', 27, 27, 0.010998964309692383, 0.016001224517822266
'TestCinemas/Random/400\\random_nrc_20_20_pe_80.0%_po_50.0%_1.txt', 21, 21, 0.013998270034790039, 0.019999980926513672
'TestCinemas/Random/400\\random_nrc_20_20_pe_80.0%_po_50.0%_2.txt', 21, 21, 0.012002944946289062, 0.016999006271362305
'TestCinemas/Random/400\\random_nrc_20_20_pe_80.0%_po_50.0%_3.txt', 31, 31, 0.014000177383422852, 0.01900029182434082
'TestCinemas/Random/400\\random_nrc_20_20_pe_80.0%_po_50.0%_4.txt', 36, 36, 0.015000343322753906, 0.022002458572387695
'TestCinemas/Random/400\\random_nrc_20_20_pe_80.0%_po_50.0%_5.txt', 32, 32, 0.014998674392700195, 0.020998477935791016
'TestCinemas/Random/400\\random_nrc_20_20_pe_80.0%_po_70.0%_1.txt', 30, 30, 0.02300095558166504, 0.03799939155578613
'TestCinemas/Random/400\\random_nrc_20_20_pe_80.0%_po_70.0%_2.txt', 28, 28, 0.01799774169921875, 0.028002023696899414
'TestCinemas/Random/400\\random_nrc_20_20_pe_80.0%_po_70.0%_3.txt', 45, 45, 0.022001981735229492, 0.030997037887573242
'TestCinemas/Random/400\\random_nrc_20_20_pe_80.0%_po_70.0%_4.txt', 33, 35, 0.019001007080078125, 0.025001049041748047
'TestCinemas/Random/400\\random_nrc_20_20_pe_80.0%_po_70.0%_5.txt', 35, 35, 0.022002696990966797, 0.031996965408325195
'TestCinemas/Random/400\\random_nrc_20_20_pe_80.0%_po_90.0%_1.txt', 35, 35, 0.022000789642333984, 0.0319979190826416
'TestCinemas/Random/400\\random_nrc_20_20_pe_80.0%_po_90.0%_2.txt', 33, 33, 0.023001670837402344, 0.03099989891052246
'TestCinemas/Random/400\\random_nrc_20_20_pe_80.0%_po_90.0%_3.txt', 31, 31, 0.022000551223754883, 0.03299975395202637
'TestCinemas/Random/400\\random_nrc_20_20_pe_80.0%_po_90.0%_4.txt', 33, 33, 0.021000146865844727, 0.031000852584838867
'TestCinemas/Random/400\\random_nrc_20_20_pe_80.0%_po_90.0%_5.txt', 38, 38, 0.019999265670776367, 0.028000354766845703
