'TestCinemas/Random/90\\random_nrc_5_18_pe_0%_po_30.0%_1.txt', 27, 27, 0.007999420166015625, 0.01300358772277832
'TestCinemas/Random/90\\random_nrc_5_18_pe_0%_po_30.0%_2.txt', 27, 27, 0.007002115249633789, 0.017996788024902344
'TestCinemas/Random/90\\random_nrc_5_18_pe_0%_po_30.0%_3.txt', 27, 27, 0.008001327514648438, 0.013000249862670898
'TestCinemas/Random/90\\random_nrc_5_18_pe_0%_po_30.0%_4.txt', 27, 27, 0.007999420166015625, 0.013001441955566406
'TestCinemas/Random/90\\random_nrc_5_18_pe_0%_po_30.0%_5.txt', 27, 27, 0.007991790771484375, 0.011998176574707031
'TestCinemas/Random/90\\random_nrc_5_18_pe_0%_po_50.0%_1.txt', 35, 35, 0.008999347686767578, 0.01300191879272461
'TestCinemas/Random/90\\random_nrc_5_18_pe_0%_po_50.0%_2.txt', 37, 37, 0.011001348495483398, 0.021999835968017578
'TestCinemas/Random/90\\random_nrc_5_18_pe_0%_po_50.0%_3.txt', 35, 35, 0.009997844696044922, 0.015001535415649414
'TestCinemas/Random/90\\random_nrc_5_18_pe_0%_po_50.0%_4.txt', 36, 36, 0.008998870849609375, 0.015000104904174805
'TestCinemas/Random/90\\random_nrc_5_18_pe_0%_po_50.0%_5.txt', 36, 36, 0.010000228881835938, 0.016000747680664062
'TestCinemas/Random/90\\random_nrc_5_18_pe_0%_po_70.0%_1.txt', 36, 37, 0.01199960708618164, 0.01899886131286621
'TestCinemas/Random/90\\random_nrc_5_18_pe_0%_po_70.0%_2.txt', 36, 36, 0.012000799179077148, 0.01799798011779785
'TestCinemas/Random/90\\random_nrc_5_18_pe_0%_po_70.0%_3.txt', 37, 37, 0.010999441146850586, 0.023000001907348633
'TestCinemas/Random/90\\random_nrc_5_18_pe_0%_po_70.0%_4.txt', 35, 35, 0.012002944946289062, 0.017000675201416016
'TestCinemas/Random/90\\random_nrc_5_18_pe_0%_po_70.0%_5.txt', 37, 37, 0.01200103759765625, 0.024000167846679688
'TestCinemas/Random/90\\random_nrc_5_18_pe_0%_po_90.0%_1.txt', 38, 38, 0.013002395629882812, 0.03499913215637207
'TestCinemas/Random/90\\random_nrc_5_18_pe_0%_po_90.0%_2.txt', 38, 38, 0.012999773025512695, 0.034000396728515625
'TestCinemas/Random/90\\random_nrc_5_18_pe_0%_po_90.0%_3.txt', 38, 38, 0.013999700546264648, 0.030999183654785156
'TestCinemas/Random/90\\random_nrc_5_18_pe_0%_po_90.0%_4.txt', 37, 37, 0.01399993896484375, 0.025999784469604492
'TestCinemas/Random/90\\random_nrc_5_18_pe_0%_po_90.0%_5.txt', 35, 35, 0.01300048828125, 0.019000768661499023
'TestCinemas/Random/90\\random_nrc_5_18_pe_20.0%_po_30.0%_1.txt', 21, 21, 0.00499725341796875, 0.012002229690551758
'TestCinemas/Random/90\\random_nrc_5_18_pe_20.0%_po_30.0%_2.txt', 22, 22, 0.0039980411529541016, 0.012999773025512695
'TestCinemas/Random/90\\random_nrc_5_18_pe_20.0%_po_30.0%_3.txt', 20, 20, 0.0039997100830078125, 0.011000633239746094
'TestCinemas/Random/90\\random_nrc_5_18_pe_20.0%_po_30.0%_4.txt', 21, 21, 0.003999233245849609, 0.009000539779663086
'TestCinemas/Random/90\\random_nrc_5_18_pe_20.0%_po_30.0%_5.txt', 22, 22, 0.006000518798828125, 0.00799703598022461
'TestCinemas/Random/90\\random_nrc_5_18_pe_20.0%_po_50.0%_1.txt', 26, 28, 0.0070002079010009766, 0.010999202728271484
'TestCinemas/Random/90\\random_nrc_5_18_pe_20.0%_po_50.0%_2.txt', 30, 30, 0.006000995635986328, 0.010999202728271484
'TestCinemas/Random/90\\random_nrc_5_18_pe_20.0%_po_50.0%_3.txt', 30, 30, 0.007001638412475586, 0.008001565933227539
'TestCinemas/Random/90\\random_nrc_5_18_pe_20.0%_po_50.0%_4.txt', 29, 29, 0.004999637603759766, 0.006999969482421875
'TestCinemas/Random/90\\random_nrc_5_18_pe_20.0%_po_50.0%_5.txt', 31, 33, 0.00699925422668457, 0.011998891830444336
'TestCinemas/Random/90\\random_nrc_5_18_pe_20.0%_po_70.0%_1.txt', 28, 28, 0.0070002079010009766, 0.017000198364257812
'TestCinemas/Random/90\\random_nrc_5_18_pe_20.0%_po_70.0%_2.txt', 29, 30, 0.006996631622314453, 0.01399993896484375
'TestCinemas/Random/90\\random_nrc_5_18_pe_20.0%_po_70.0%_3.txt', 32, 32, 0.007998228073120117, 0.012998104095458984
'TestCinemas/Random/90\\random_nrc_5_18_pe_20.0%_po_70.0%_4.txt', 27, 27, 0.0070002079010009766, 0.012000560760498047
'TestCinemas/Random/90\\random_nrc_5_18_pe_20.0%_po_70.0%_5.txt', 29, 29, 0.008002042770385742, 0.01199793815612793
'TestCinemas/Random/90\\random_nrc_5_18_pe_20.0%_po_90.0%_1.txt', 33, 35, 0.007999658584594727, 0.020000934600830078
'TestCinemas/Random/90\\random_nrc_5_18_pe_20.0%_po_90.0%_2.txt', 30, 30, 0.007999181747436523, 0.012000083923339844
'TestCinemas/Random/90\\random_nrc_5_18_pe_20.0%_po_90.0%_3.txt', 31, 31, 0.00800013542175293, 0.013001203536987305
'TestCinemas/Random/90\\random_nrc_5_18_pe_20.0%_po_90.0%_4.txt', 31, 30, 0.009000778198242188, 0.019000768661499023
'TestCinemas/Random/90\\random_nrc_5_18_pe_20.0%_po_90.0%_5.txt', 28, 29, 0.007002592086791992, 0.010997533798217773
'TestCinemas/Random/90\\random_nrc_5_18_pe_40.0%_po_30.0%_1.txt', 16, 16, 0.002997875213623047, 0.003998994827270508
'TestCinemas/Random/90\\random_nrc_5_18_pe_40.0%_po_30.0%_2.txt', 17, 17, 0.0029993057250976562, 0.006003141403198242
'TestCinemas/Random/90\\random_nrc_5_18_pe_40.0%_po_30.0%_3.txt', 16, 16, 0.0030014514923095703, 0.005999088287353516
'TestCinemas/Random/90\\random_nrc_5_18_pe_40.0%_po_30.0%_4.txt', 17, 17, 0.004000663757324219, 0.005000591278076172
'TestCinemas/Random/90\\random_nrc_5_18_pe_40.0%_po_30.0%_5.txt', 17, 17, 0.003000497817993164, 0.005998849868774414
'TestCinemas/Random/90\\random_nrc_5_18_pe_40.0%_po_50.0%_1.txt', 18, 18, 0.004001140594482422, 0.004999637603759766
'TestCinemas/Random/90\\random_nrc_5_18_pe_40.0%_po_50.0%_2.txt', 22, 26, 0.0029997825622558594, 0.0070035457611083984
'TestCinemas/Random/90\\random_nrc_5_18_pe_40.0%_po_50.0%_3.txt', 20, 21, 0.0020024776458740234, 0.0039997100830078125
'TestCinemas/Random/90\\random_nrc_5_18_pe_40.0%_po_50.0%_4.txt', 22, 22, 0.003998279571533203, 0.004999637603759766
'TestCinemas/Random/90\\random_nrc_5_18_pe_40.0%_po_50.0%_5.txt', 14, 14, 0.003000974655151367, 0.00400090217590332
'TestCinemas/Random/90\\random_nrc_5_18_pe_40.0%_po_70.0%_1.txt', 24, 24, 0.004000663757324219, 0.00500178337097168
'TestCinemas/Random/90\\random_nrc_5_18_pe_40.0%_po_70.0%_2.txt', 22, 25, 0.004001140594482422, 0.010998964309692383
'TestCinemas/Random/90\\random_nrc_5_18_pe_40.0%_po_70.0%_3.txt', 27, 29, 0.003998756408691406, 0.013000965118408203
'TestCinemas/Random/90\\random_nrc_5_18_pe_40.0%_po_70.0%_4.txt', 25, 24, 0.00400090217590332, 0.009000301361083984
'TestCinemas/Random/90\\random_nrc_5_18_pe_40.0%_po_70.0%_5.txt', 22, 22, 0.005002021789550781, 0.007002353668212891
'TestCinemas/Random/90\\random_nrc_5_18_pe_40.0%_po_90.0%_1.txt', 24, 24, 0.007001399993896484, 0.006998538970947266
'TestCinemas/Random/90\\random_nrc_5_18_pe_40.0%_po_90.0%_2.txt', 24, 25, 0.006002187728881836, 0.008003473281860352
'TestCinemas/Random/90\\random_nrc_5_18_pe_40.0%_po_90.0%_3.txt', 21, 21, 0.00400090217590332, 0.008001089096069336
'TestCinemas/Random/90\\random_nrc_5_18_pe_40.0%_po_90.0%_4.txt', 25, 27, 0.0049991607666015625, 0.012001752853393555
'TestCinemas/Random/90\\random_nrc_5_18_pe_40.0%_po_90.0%_5.txt', 26, 26, 0.006000995635986328, 0.007999420166015625
'TestCinemas/Random/90\\random_nrc_5_18_pe_60.0%_po_30.0%_1.txt', 12, 12, 0.0010004043579101562, 0.002998828887939453
'TestCinemas/Random/90\\random_nrc_5_18_pe_60.0%_po_30.0%_2.txt', 11, 11, 0.002001523971557617, 0.001997709274291992
'TestCinemas/Random/90\\random_nrc_5_18_pe_60.0%_po_30.0%_3.txt', 13, 13, 0.0019996166229248047, 0.0030007362365722656
'TestCinemas/Random/90\\random_nrc_5_18_pe_60.0%_po_30.0%_4.txt', 11, 11, 0.002000570297241211, 0.0019986629486083984
'TestCinemas/Random/90\\random_nrc_5_18_pe_60.0%_po_30.0%_5.txt', 10, 10, 0.0010004043579101562, 0.0019996166229248047
'TestCinemas/Random/90\\random_nrc_5_18_pe_60.0%_po_50.0%_1.txt', 13, 13, 0.002000093460083008, 0.003000020980834961
'TestCinemas/Random/90\\random_nrc_5_18_pe_60.0%_po_50.0%_2.txt', 16, 16, 0.002000093460083008, 0.0040013790130615234
'TestCinemas/Random/90\\random_nrc_5_18_pe_60.0%_po_50.0%_3.txt', 18, 18, 0.0019996166229248047, 0.003000020980834961
'TestCinemas/Random/90\\random_nrc_5_18_pe_60.0%_po_50.0%_4.txt', 16, 20, 0.0019989013671875, 0.0039980411529541016
'TestCinemas/Random/90\\random_nrc_5_18_pe_60.0%_po_50.0%_5.txt', 14, 14, 0.0029990673065185547, 0.004000425338745117
'TestCinemas/Random/90\\random_nrc_5_18_pe_60.0%_po_70.0%_1.txt', 15, 15, 0.003000497817993164, 0.0039997100830078125
'TestCinemas/Random/90\\random_nrc_5_18_pe_60.0%_po_70.0%_2.txt', 18, 18, 0.0030002593994140625, 0.003999471664428711
'TestCinemas/Random/90\\random_nrc_5_18_pe_60.0%_po_70.0%_3.txt', 12, 12, 0.0019981861114501953, 0.003000020980834961
'TestCinemas/Random/90\\random_nrc_5_18_pe_60.0%_po_70.0%_4.txt', 18, 18, 0.00299835205078125, 0.005003213882446289
'TestCinemas/Random/90\\random_nrc_5_18_pe_60.0%_po_70.0%_5.txt', 15, 15, 0.004000425338745117, 0.003999233245849609
'TestCinemas/Random/90\\random_nrc_5_18_pe_60.0%_po_90.0%_1.txt', 19, 19, 0.00299835205078125, 0.004000186920166016
'TestCinemas/Random/90\\random_nrc_5_18_pe_60.0%_po_90.0%_2.txt', 21, 21, 0.003998994827270508, 0.003998756408691406
'TestCinemas/Random/90\\random_nrc_5_18_pe_60.0%_po_90.0%_3.txt', 18, 18, 0.0030014514923095703, 0.003999233245849609
'TestCinemas/Random/90\\random_nrc_5_18_pe_60.0%_po_90.0%_4.txt', 15, 15, 0.00299835205078125, 0.003000020980834961
'TestCinemas/Random/90\\random_nrc_5_18_pe_60.0%_po_90.0%_5.txt', 24, 23, 0.0029990673065185547, 0.00500035285949707
'TestCinemas/Random/90\\random_nrc_5_18_pe_80.0%_po_30.0%_1.txt', 3, 3, 0.0, 0.0009984970092773438
'TestCinemas/Random/90\\random_nrc_5_18_pe_80.0%_po_30.0%_2.txt', 5, 5, 0.0, 0.0009984970092773438
'TestCinemas/Random/90\\random_nrc_5_18_pe_80.0%_po_30.0%_3.txt', 5, 5, 0.0010027885437011719, 0.0009975433349609375
'TestCinemas/Random/90\\random_nrc_5_18_pe_80.0%_po_30.0%_4.txt', 6, 6, 0.0010001659393310547, 0.0010001659393310547
'TestCinemas/Random/90\\random_nrc_5_18_pe_80.0%_po_30.0%_5.txt', 3, 3, 0.0, 0.0009987354278564453
'TestCinemas/Random/90\\random_nrc_5_18_pe_80.0%_po_50.0%_1.txt', 8, 8, 0.0010004043579101562, 0.0009999275207519531
'TestCinemas/Random/90\\random_nrc_5_18_pe_80.0%_po_50.0%_2.txt', 6, 6, 0.00099945068359375, 0.0009999275207519531
'TestCinemas/Random/90\\random_nrc_5_18_pe_80.0%_po_50.0%_3.txt', 4, 4, 0.0010018348693847656, 0.0009984970092773438
'TestCinemas/Random/90\\random_nrc_5_18_pe_80.0%_po_50.0%_4.txt', 8, 8, 0.0009987354278564453, 0.0010001659393310547
'TestCinemas/Random/90\\random_nrc_5_18_pe_80.0%_po_50.0%_5.txt', 12, 12, 0.0020003318786621094, 0.001001119613647461
'TestCinemas/Random/90\\random_nrc_5_18_pe_80.0%_po_70.0%_1.txt', 11, 11, 0.0009984970092773438, 0.0019991397857666016
'TestCinemas/Random/90\\random_nrc_5_18_pe_80.0%_po_70.0%_2.txt', 5, 5, 0.0010023117065429688, 0.0010006427764892578
'TestCinemas/Random/90\\random_nrc_5_18_pe_80.0%_po_70.0%_3.txt', 6, 6, 0.0009968280792236328, 0.001001596450805664
'TestCinemas/Random/90\\random_nrc_5_18_pe_80.0%_po_70.0%_4.txt', 11, 11, 0.0009992122650146484, 0.002002239227294922
'TestCinemas/Random/90\\random_nrc_5_18_pe_80.0%_po_70.0%_5.txt', 6, 6, 0.0010001659393310547, 0.0020012855529785156
'TestCinemas/Random/90\\random_nrc_5_18_pe_80.0%_po_90.0%_1.txt', 9, 9, 0.002000093460083008, 0.0019979476928710938
'TestCinemas/Random/90\\random_nrc_5_18_pe_80.0%_po_90.0%_2.txt', 8, 8, 0.0020003318786621094, 0.0010008811950683594
'TestCinemas/Random/90\\random_nrc_5_18_pe_80.0%_po_90.0%_3.txt', 5, 5, 0.0010018348693847656, 0.0019998550415039062
'TestCinemas/Random/90\\random_nrc_5_18_pe_80.0%_po_90.0%_4.txt', 12, 12, 0.0020024776458740234, 0.001996278762817383
'TestCinemas/Random/90\\random_nrc_5_18_pe_80.0%_po_90.0%_5.txt', 8, 8, 0.002000570297241211, 0.0030002593994140625
