'TestCinemas/Random/800\\random_nrc_40_20_pe_0%_po_30.0%_1.txt', 232, 232, 0.7279994487762451, 1.909297227859497
'TestCinemas/Random/800\\random_nrc_40_20_pe_0%_po_30.0%_2.txt', 227, 227, 0.7289965152740479, 5.2240025997161865
'TestCinemas/Random/800\\random_nrc_40_20_pe_0%_po_30.0%_3.txt', 226, 226, 0.733013391494751, 1.275010585784912
'TestCinemas/Random/800\\random_nrc_40_20_pe_0%_po_30.0%_4.txt', 231, 235, 0.7260105609893799, 4.34042501449585
'TestCinemas/Random/800\\random_nrc_40_20_pe_0%_po_30.0%_5.txt', 229, 229, 0.7390000820159912, 4.037999629974365
'TestCinemas/Random/800\\random_nrc_40_20_pe_0%_po_50.0%_1.txt', 256, 257, 0.907001256942749, 5.978997230529785
'TestCinemas/Random/800\\random_nrc_40_20_pe_0%_po_50.0%_2.txt', 251, 253, 0.9320099353790283, 5.008080005645752
'TestCinemas/Random/800\\random_nrc_40_20_pe_0%_po_50.0%_3.txt', 243, 247, 0.9700002670288086, 7.001000881195068
'TestCinemas/Random/800\\random_nrc_40_20_pe_0%_po_50.0%_4.txt', 269, 268, 0.9470000267028809, 13.420000314712524
'TestCinemas/Random/800\\random_nrc_40_20_pe_0%_po_50.0%_5.txt', 247, 252, 0.9569993019104004, 6.129227876663208
'TestCinemas/Random/800\\random_nrc_40_20_pe_0%_po_70.0%_1.txt', 269, 269, 1.13200044631958, 9.09999966621399
'TestCinemas/Random/800\\random_nrc_40_20_pe_0%_po_70.0%_2.txt', 270, 271, 1.0870070457458496, 7.018120527267456
'TestCinemas/Random/800\\random_nrc_40_20_pe_0%_po_70.0%_3.txt', 263, 265, 1.1010503768920898, 6.86505126953125
'TestCinemas/Random/800\\random_nrc_40_20_pe_0%_po_70.0%_4.txt', 270, 269, 1.1219971179962158, 8.091999292373657
'TestCinemas/Random/800\\random_nrc_40_20_pe_0%_po_70.0%_5.txt', 265, 265, 1.0989995002746582, 6.6439032554626465
'TestCinemas/Random/800\\random_nrc_40_20_pe_0%_po_90.0%_1.txt', 284, 290, 1.2399992942810059, 14.115272045135498
'TestCinemas/Random/800\\random_nrc_40_20_pe_0%_po_90.0%_2.txt', 281, 282, 1.204996109008789, 11.498470544815063
'TestCinemas/Random/800\\random_nrc_40_20_pe_0%_po_90.0%_3.txt', 278, 275, 1.209001064300537, 11.58738374710083
'TestCinemas/Random/800\\random_nrc_40_20_pe_0%_po_90.0%_4.txt', 280, 287, 1.2413763999938965, 13.77436351776123
'TestCinemas/Random/800\\random_nrc_40_20_pe_0%_po_90.0%_5.txt', 284, 287, 1.2060301303863525, 13.914524555206299
'TestCinemas/Random/800\\random_nrc_40_20_pe_20.0%_po_30.0%_1.txt', 194, 194, 0.4570000171661377, 1.8279995918273926
'TestCinemas/Random/800\\random_nrc_40_20_pe_20.0%_po_30.0%_2.txt', 184, 184, 0.37000203132629395, 2.463998317718506
'TestCinemas/Random/800\\random_nrc_40_20_pe_20.0%_po_30.0%_3.txt', 188, 188, 0.4159982204437256, 0.9059982299804688
'TestCinemas/Random/800\\random_nrc_40_20_pe_20.0%_po_30.0%_4.txt', 188, 188, 0.38601183891296387, 4.917047023773193
'TestCinemas/Random/800\\random_nrc_40_20_pe_20.0%_po_30.0%_5.txt', 188, 188, 0.4240000247955322, 2.4850573539733887
'TestCinemas/Random/800\\random_nrc_40_20_pe_20.0%_po_50.0%_1.txt', 220, 230, 0.5050220489501953, 2.7470896244049072
'TestCinemas/Random/800\\random_nrc_40_20_pe_20.0%_po_50.0%_2.txt', 234, 240, 0.5879993438720703, 4.1060826778411865
'TestCinemas/Random/800\\random_nrc_40_20_pe_20.0%_po_50.0%_3.txt', 232, 236, 0.5760016441345215, 3.082998275756836
'TestCinemas/Random/800\\random_nrc_40_20_pe_20.0%_po_50.0%_4.txt', 225, 228, 0.5770387649536133, 2.5000696182250977
'TestCinemas/Random/800\\random_nrc_40_20_pe_20.0%_po_50.0%_5.txt', 231, 234, 0.5360016822814941, 1.5602400302886963
'TestCinemas/Random/800\\random_nrc_40_20_pe_20.0%_po_70.0%_1.txt', 240, 247, 0.620002269744873, 4.120999813079834
'TestCinemas/Random/800\\random_nrc_40_20_pe_20.0%_po_70.0%_2.txt', 232, 235, 0.587000846862793, 3.0700135231018066
'TestCinemas/Random/800\\random_nrc_40_20_pe_20.0%_po_70.0%_3.txt', 235, 234, 0.5620434284210205, 5.228259563446045
'TestCinemas/Random/800\\random_nrc_40_20_pe_20.0%_po_70.0%_4.txt', 236, 243, 0.6400012969970703, 3.2730166912078857
'TestCinemas/Random/800\\random_nrc_40_20_pe_20.0%_po_70.0%_5.txt', 244, 243, 0.605043888092041, 4.2270424365997314
'TestCinemas/Random/800\\random_nrc_40_20_pe_20.0%_po_90.0%_1.txt', 252, 257, 0.6880009174346924, 6.5440263748168945
'TestCinemas/Random/800\\random_nrc_40_20_pe_20.0%_po_90.0%_2.txt', 242, 244, 0.71099853515625, 5.12700080871582
'TestCinemas/Random/800\\random_nrc_40_20_pe_20.0%_po_90.0%_3.txt', 259, 261, 0.7209980487823486, 8.559001207351685
'TestCinemas/Random/800\\random_nrc_40_20_pe_20.0%_po_90.0%_4.txt', 247, 250, 0.6800024509429932, 7.465079069137573
'TestCinemas/Random/800\\random_nrc_40_20_pe_20.0%_po_90.0%_5.txt', 257, 271, 0.6490004062652588, 9.789013147354126
'TestCinemas/Random/800\\random_nrc_40_20_pe_40.0%_po_30.0%_1.txt', 142, 142, 0.21199989318847656, 1.5000104904174805
'TestCinemas/Random/800\\random_nrc_40_20_pe_40.0%_po_30.0%_2.txt', 147, 147, 0.23900175094604492, 1.615997314453125
'TestCinemas/Random/800\\random_nrc_40_20_pe_40.0%_po_30.0%_3.txt', 148, 148, 0.26000046730041504, 0.5120010375976562
'TestCinemas/Random/800\\random_nrc_40_20_pe_40.0%_po_30.0%_4.txt', 135, 143, 0.24300146102905273, 1.440000295639038
'TestCinemas/Random/800\\random_nrc_40_20_pe_40.0%_po_30.0%_5.txt', 145, 145, 0.23799896240234375, 1.5160021781921387
'TestCinemas/Random/800\\random_nrc_40_20_pe_40.0%_po_50.0%_1.txt', 207, 212, 0.26599740982055664, 1.896000623703003
'TestCinemas/Random/800\\random_nrc_40_20_pe_40.0%_po_50.0%_2.txt', 202, 204, 0.2909972667694092, 2.2625441551208496
'TestCinemas/Random/800\\random_nrc_40_20_pe_40.0%_po_50.0%_3.txt', 193, 188, 0.2779998779296875, 0.7390003204345703
'TestCinemas/Random/800\\random_nrc_40_20_pe_40.0%_po_50.0%_4.txt', 198, 199, 0.3280060291290283, 0.5969970226287842
'TestCinemas/Random/800\\random_nrc_40_20_pe_40.0%_po_50.0%_5.txt', 198, 199, 0.33001279830932617, 1.2578582763671875
'TestCinemas/Random/800\\random_nrc_40_20_pe_40.0%_po_70.0%_1.txt', 207, 211, 0.3300015926361084, 2.7180018424987793
'TestCinemas/Random/800\\random_nrc_40_20_pe_40.0%_po_70.0%_2.txt', 192, 196, 0.36899733543395996, 1.3060534000396729
'TestCinemas/Random/800\\random_nrc_40_20_pe_40.0%_po_70.0%_3.txt', 204, 214, 0.3240070343017578, 1.9770286083221436
'TestCinemas/Random/800\\random_nrc_40_20_pe_40.0%_po_70.0%_4.txt', 212, 218, 0.36100029945373535, 3.031904458999634
'TestCinemas/Random/800\\random_nrc_40_20_pe_40.0%_po_70.0%_5.txt', 194, 199, 0.39801979064941406, 1.4398128986358643
'TestCinemas/Random/800\\random_nrc_40_20_pe_40.0%_po_90.0%_1.txt', 220, 224, 0.3920011520385742, 2.999002695083618
'TestCinemas/Random/800\\random_nrc_40_20_pe_40.0%_po_90.0%_2.txt', 211, 215, 0.4219980239868164, 1.3779983520507812
'TestCinemas/Random/800\\random_nrc_40_20_pe_40.0%_po_90.0%_3.txt', 211, 217, 0.3959987163543701, 3.378998041152954
'TestCinemas/Random/800\\random_nrc_40_20_pe_40.0%_po_90.0%_4.txt', 209, 219, 0.3439970016479492, 3.727001190185547
'TestCinemas/Random/800\\random_nrc_40_20_pe_40.0%_po_90.0%_5.txt', 226, 237, 0.4000117778778076, 4.733083248138428
'TestCinemas/Random/800\\random_nrc_40_20_pe_60.0%_po_30.0%_1.txt', 90, 90, 0.0890052318572998, 0.18799567222595215
'TestCinemas/Random/800\\random_nrc_40_20_pe_60.0%_po_30.0%_2.txt', 90, 90, 0.09900212287902832, 0.17599987983703613
'TestCinemas/Random/800\\random_nrc_40_20_pe_60.0%_po_30.0%_3.txt', 90, 90, 0.10999917984008789, 0.18000125885009766
'TestCinemas/Random/800\\random_nrc_40_20_pe_60.0%_po_30.0%_4.txt', 90, 98, 0.10800027847290039, 0.7900011539459229
'TestCinemas/Random/800\\random_nrc_40_20_pe_60.0%_po_30.0%_5.txt', 92, 92, 0.10100102424621582, 0.23199987411499023
'TestCinemas/Random/800\\random_nrc_40_20_pe_60.0%_po_50.0%_1.txt', 132, 132, 0.1400001049041748, 0.23099803924560547
'TestCinemas/Random/800\\random_nrc_40_20_pe_60.0%_po_50.0%_2.txt', 126, 126, 0.14799833297729492, 0.2129983901977539
'TestCinemas/Random/800\\random_nrc_40_20_pe_60.0%_po_50.0%_3.txt', 138, 148, 0.1410048007965088, 1.1600251197814941
'TestCinemas/Random/800\\random_nrc_40_20_pe_60.0%_po_50.0%_4.txt', 136, 136, 0.17799949645996094, 0.28800129890441895
'TestCinemas/Random/800\\random_nrc_40_20_pe_60.0%_po_50.0%_5.txt', 138, 138, 0.1470024585723877, 0.25999999046325684
'TestCinemas/Random/800\\random_nrc_40_20_pe_60.0%_po_70.0%_1.txt', 149, 151, 0.18500185012817383, 0.36499810218811035
'TestCinemas/Random/800\\random_nrc_40_20_pe_60.0%_po_70.0%_2.txt', 152, 154, 0.20399928092956543, 0.36299800872802734
'TestCinemas/Random/800\\random_nrc_40_20_pe_60.0%_po_70.0%_3.txt', 134, 141, 0.18399906158447266, 0.3950014114379883
'TestCinemas/Random/800\\random_nrc_40_20_pe_60.0%_po_70.0%_4.txt', 115, 115, 0.17399811744689941, 0.30500125885009766
'TestCinemas/Random/800\\random_nrc_40_20_pe_60.0%_po_70.0%_5.txt', 138, 132, 0.17999958992004395, 0.3419992923736572
'TestCinemas/Random/800\\random_nrc_40_20_pe_60.0%_po_90.0%_1.txt', 146, 153, 0.23299908638000488, 0.4779975414276123
'TestCinemas/Random/800\\random_nrc_40_20_pe_60.0%_po_90.0%_2.txt', 147, 147, 0.21200060844421387, 0.36899828910827637
'TestCinemas/Random/800\\random_nrc_40_20_pe_60.0%_po_90.0%_3.txt', 164, 170, 0.25499773025512695, 0.5400018692016602
'TestCinemas/Random/800\\random_nrc_40_20_pe_60.0%_po_90.0%_4.txt', 143, 149, 0.20300054550170898, 0.4660015106201172
'TestCinemas/Random/800\\random_nrc_40_20_pe_60.0%_po_90.0%_5.txt', 167, 171, 0.233001708984375, 0.7539997100830078
'TestCinemas/Random/800\\random_nrc_40_20_pe_80.0%_po_30.0%_1.txt', 41, 41, 0.03400063514709473, 0.055999755859375
'TestCinemas/Random/800\\random_nrc_40_20_pe_80.0%_po_30.0%_2.txt', 48, 48, 0.03400015830993652, 0.048998117446899414
'TestCinemas/Random/800\\random_nrc_40_20_pe_80.0%_po_30.0%_3.txt', 44, 44, 0.03699946403503418, 0.05699896812438965
'TestCinemas/Random/800\\random_nrc_40_20_pe_80.0%_po_30.0%_4.txt', 44, 44, 0.031001567840576172, 0.042996883392333984
'TestCinemas/Random/800\\random_nrc_40_20_pe_80.0%_po_30.0%_5.txt', 33, 33, 0.027001380920410156, 0.059999704360961914
'TestCinemas/Random/800\\random_nrc_40_20_pe_80.0%_po_50.0%_1.txt', 58, 58, 0.052001953125, 0.08199930191040039
'TestCinemas/Random/800\\random_nrc_40_20_pe_80.0%_po_50.0%_2.txt', 52, 52, 0.04799985885620117, 0.0690000057220459
'TestCinemas/Random/800\\random_nrc_40_20_pe_80.0%_po_50.0%_3.txt', 57, 57, 0.07399773597717285, 0.08699941635131836
'TestCinemas/Random/800\\random_nrc_40_20_pe_80.0%_po_50.0%_4.txt', 45, 45, 0.049001216888427734, 0.06998324394226074
'TestCinemas/Random/800\\random_nrc_40_20_pe_80.0%_po_50.0%_5.txt', 70, 72, 0.06499624252319336, 0.09800243377685547
'TestCinemas/Random/800\\random_nrc_40_20_pe_80.0%_po_70.0%_1.txt', 69, 69, 0.07900118827819824, 0.1289987564086914
'TestCinemas/Random/800\\random_nrc_40_20_pe_80.0%_po_70.0%_2.txt', 68, 68, 0.08500003814697266, 0.13600540161132812
'TestCinemas/Random/800\\random_nrc_40_20_pe_80.0%_po_70.0%_3.txt', 51, 51, 0.07100033760070801, 0.10299921035766602
'TestCinemas/Random/800\\random_nrc_40_20_pe_80.0%_po_70.0%_4.txt', 69, 69, 0.07799935340881348, 0.10100030899047852
'TestCinemas/Random/800\\random_nrc_40_20_pe_80.0%_po_70.0%_5.txt', 51, 53, 0.06500434875488281, 0.09599804878234863
'TestCinemas/Random/800\\random_nrc_40_20_pe_80.0%_po_90.0%_1.txt', 72, 74, 0.09299874305725098, 0.14400029182434082
'TestCinemas/Random/800\\random_nrc_40_20_pe_80.0%_po_90.0%_2.txt', 77, 77, 0.1119985580444336, 0.15900254249572754
'TestCinemas/Random/800\\random_nrc_40_20_pe_80.0%_po_90.0%_3.txt', 62, 62, 0.11300253868103027, 0.17499852180480957
'TestCinemas/Random/800\\random_nrc_40_20_pe_80.0%_po_90.0%_4.txt', 51, 51, 0.09100341796875, 0.14600086212158203
'TestCinemas/Random/800\\random_nrc_40_20_pe_80.0%_po_90.0%_5.txt', 66, 66, 0.09900140762329102, 0.13900303840637207
