'TestCinemas/Random/140\\random_nrc_10_14_pe_0%_po_30.0%_1.txt', 42, 42, 0.02100372314453125, 0.04399561882019043
'TestCinemas/Random/140\\random_nrc_10_14_pe_0%_po_30.0%_2.txt', 42, 42, 0.019999980926513672, 0.28301095962524414
'TestCinemas/Random/140\\random_nrc_10_14_pe_0%_po_30.0%_3.txt', 42, 42, 0.03500247001647949, 0.04999661445617676
'TestCinemas/Random/140\\random_nrc_10_14_pe_0%_po_30.0%_4.txt', 42, 42, 0.026998281478881836, 0.06599974632263184
'TestCinemas/Random/140\\random_nrc_10_14_pe_0%_po_30.0%_5.txt', 41, 41, 0.023001432418823242, 0.06799626350402832
'TestCinemas/Random/140\\random_nrc_10_14_pe_0%_po_50.0%_1.txt', 50, 50, 0.02999734878540039, 0.07200002670288086
'TestCinemas/Random/140\\random_nrc_10_14_pe_0%_po_50.0%_2.txt', 48, 49, 0.02599930763244629, 0.07000160217285156
'TestCinemas/Random/140\\random_nrc_10_14_pe_0%_po_50.0%_3.txt', 48, 48, 0.0280001163482666, 0.07801079750061035
'TestCinemas/Random/140\\random_nrc_10_14_pe_0%_po_50.0%_4.txt', 53, 53, 0.024000167846679688, 0.26900219917297363
'TestCinemas/Random/140\\random_nrc_10_14_pe_0%_po_50.0%_5.txt', 51, 55, 0.024002790451049805, 0.3059980869293213
'TestCinemas/Random/140\\random_nrc_10_14_pe_0%_po_70.0%_1.txt', 58, 56, 0.024999380111694336, 0.6100010871887207
'TestCinemas/Random/140\\random_nrc_10_14_pe_0%_po_70.0%_2.txt', 48, 49, 0.031998395919799805, 0.06099987030029297
'TestCinemas/Random/140\\random_nrc_10_14_pe_0%_po_70.0%_3.txt', 48, 48, 0.031000852584838867, 0.056999921798706055
'TestCinemas/Random/140\\random_nrc_10_14_pe_0%_po_70.0%_4.txt', 53, 53, 0.031003713607788086, 0.056997060775756836
'TestCinemas/Random/140\\random_nrc_10_14_pe_0%_po_70.0%_5.txt', 52, 52, 0.031001567840576172, 0.06799769401550293
'TestCinemas/Random/140\\random_nrc_10_14_pe_0%_po_90.0%_1.txt', 56, 57, 0.03399968147277832, 0.0930018424987793
'TestCinemas/Random/140\\random_nrc_10_14_pe_0%_po_90.0%_2.txt', 51, 52, 0.037001848220825195, 0.43499755859375
'TestCinemas/Random/140\\random_nrc_10_14_pe_0%_po_90.0%_3.txt', 56, 56, 0.03500032424926758, 0.2729983329772949
'TestCinemas/Random/140\\random_nrc_10_14_pe_0%_po_90.0%_4.txt', 56, 54, 0.03300046920776367, 0.582003116607666
'TestCinemas/Random/140\\random_nrc_10_14_pe_0%_po_90.0%_5.txt', 56, 53, 0.037004709243774414, 0.2599961757659912
'TestCinemas/Random/140\\random_nrc_10_14_pe_20.0%_po_30.0%_1.txt', 36, 36, 0.015000104904174805, 0.03300333023071289
'TestCinemas/Random/140\\random_nrc_10_14_pe_20.0%_po_30.0%_2.txt', 34, 34, 0.013000011444091797, 0.02100062370300293
'TestCinemas/Random/140\\random_nrc_10_14_pe_20.0%_po_30.0%_3.txt', 31, 31, 0.008998870849609375, 0.1360001564025879
'TestCinemas/Random/140\\random_nrc_10_14_pe_20.0%_po_30.0%_4.txt', 32, 32, 0.013000726699829102, 0.02699899673461914
'TestCinemas/Random/140\\random_nrc_10_14_pe_20.0%_po_30.0%_5.txt', 32, 32, 0.012000560760498047, 0.017000436782836914
'TestCinemas/Random/140\\random_nrc_10_14_pe_20.0%_po_50.0%_1.txt', 39, 40, 0.013002872467041016, 0.13500165939331055
'TestCinemas/Random/140\\random_nrc_10_14_pe_20.0%_po_50.0%_2.txt', 44, 43, 0.013998746871948242, 0.03200244903564453
'TestCinemas/Random/140\\random_nrc_10_14_pe_20.0%_po_50.0%_3.txt', 45, 45, 0.014998435974121094, 0.14600324630737305
'TestCinemas/Random/140\\random_nrc_10_14_pe_20.0%_po_50.0%_4.txt', 41, 41, 0.017999649047851562, 0.02399754524230957
'TestCinemas/Random/140\\random_nrc_10_14_pe_20.0%_po_50.0%_5.txt', 38, 38, 0.014996767044067383, 0.04200100898742676
'TestCinemas/Random/140\\random_nrc_10_14_pe_20.0%_po_70.0%_1.txt', 43, 44, 0.020001649856567383, 0.04999732971191406
'TestCinemas/Random/140\\random_nrc_10_14_pe_20.0%_po_70.0%_2.txt', 46, 50, 0.01900005340576172, 0.2719993591308594
'TestCinemas/Random/140\\random_nrc_10_14_pe_20.0%_po_70.0%_3.txt', 45, 45, 0.022001981735229492, 0.03299736976623535
'TestCinemas/Random/140\\random_nrc_10_14_pe_20.0%_po_70.0%_4.txt', 46, 47, 0.019000530242919922, 0.30100011825561523
'TestCinemas/Random/140\\random_nrc_10_14_pe_20.0%_po_70.0%_5.txt', 49, 50, 0.01700115203857422, 0.29799771308898926
'TestCinemas/Random/140\\random_nrc_10_14_pe_20.0%_po_90.0%_1.txt', 49, 49, 0.023001432418823242, 0.19499540328979492
'TestCinemas/Random/140\\random_nrc_10_14_pe_20.0%_po_90.0%_2.txt', 45, 50, 0.017003297805786133, 0.16600370407104492
'TestCinemas/Random/140\\random_nrc_10_14_pe_20.0%_po_90.0%_3.txt', 46, 50, 0.02200150489807129, 0.16900086402893066
'TestCinemas/Random/140\\random_nrc_10_14_pe_20.0%_po_90.0%_4.txt', 46, 52, 0.019999980926513672, 0.489001989364624
'TestCinemas/Random/140\\random_nrc_10_14_pe_20.0%_po_90.0%_5.txt', 47, 48, 0.018999099731445312, 0.19900298118591309
'TestCinemas/Random/140\\random_nrc_10_14_pe_40.0%_po_30.0%_1.txt', 26, 26, 0.008000850677490234, 0.011998176574707031
'TestCinemas/Random/140\\random_nrc_10_14_pe_40.0%_po_30.0%_2.txt', 26, 26, 0.00800013542175293, 0.011998653411865234
'TestCinemas/Random/140\\random_nrc_10_14_pe_40.0%_po_30.0%_3.txt', 24, 24, 0.005998849868774414, 0.011001348495483398
'TestCinemas/Random/140\\random_nrc_10_14_pe_40.0%_po_30.0%_4.txt', 26, 26, 0.008995294570922852, 0.01300358772277832
'TestCinemas/Random/140\\random_nrc_10_14_pe_40.0%_po_30.0%_5.txt', 25, 25, 0.007001161575317383, 0.018000364303588867
'TestCinemas/Random/140\\random_nrc_10_14_pe_40.0%_po_50.0%_1.txt', 30, 32, 0.008000612258911133, 0.09800028800964355
'TestCinemas/Random/140\\random_nrc_10_14_pe_40.0%_po_50.0%_2.txt', 30, 30, 0.009996652603149414, 0.014002323150634766
'TestCinemas/Random/140\\random_nrc_10_14_pe_40.0%_po_50.0%_3.txt', 32, 30, 0.008999824523925781, 0.013998746871948242
'TestCinemas/Random/140\\random_nrc_10_14_pe_40.0%_po_50.0%_4.txt', 39, 36, 0.008997917175292969, 0.014001607894897461
'TestCinemas/Random/140\\random_nrc_10_14_pe_40.0%_po_50.0%_5.txt', 35, 35, 0.008996963500976562, 0.028000354766845703
'TestCinemas/Random/140\\random_nrc_10_14_pe_40.0%_po_70.0%_1.txt', 34, 34, 0.013000965118408203, 0.012998819351196289
'TestCinemas/Random/140\\random_nrc_10_14_pe_40.0%_po_70.0%_2.txt', 41, 43, 0.014001131057739258, 0.0449986457824707
'TestCinemas/Random/140\\random_nrc_10_14_pe_40.0%_po_70.0%_3.txt', 33, 33, 0.009999275207519531, 0.022000789642333984
'TestCinemas/Random/140\\random_nrc_10_14_pe_40.0%_po_70.0%_4.txt', 33, 33, 0.009000062942504883, 0.01300191879272461
'TestCinemas/Random/140\\random_nrc_10_14_pe_40.0%_po_70.0%_5.txt', 36, 35, 0.013997077941894531, 0.03200173377990723
'TestCinemas/Random/140\\random_nrc_10_14_pe_40.0%_po_90.0%_1.txt', 40, 42, 0.012001514434814453, 0.031998634338378906
'TestCinemas/Random/140\\random_nrc_10_14_pe_40.0%_po_90.0%_2.txt', 37, 39, 0.012002229690551758, 0.029999732971191406
'TestCinemas/Random/140\\random_nrc_10_14_pe_40.0%_po_90.0%_3.txt', 42, 42, 0.016999483108520508, 0.029999971389770508
'TestCinemas/Random/140\\random_nrc_10_14_pe_40.0%_po_90.0%_4.txt', 39, 38, 0.01699972152709961, 0.05300116539001465
'TestCinemas/Random/140\\random_nrc_10_14_pe_40.0%_po_90.0%_5.txt', 37, 41, 0.014000415802001953, 0.02599954605102539
'TestCinemas/Random/140\\random_nrc_10_14_pe_60.0%_po_30.0%_1.txt', 16, 16, 0.0029997825622558594, 0.005000114440917969
'TestCinemas/Random/140\\random_nrc_10_14_pe_60.0%_po_30.0%_2.txt', 16, 16, 0.004002094268798828, 0.0039980411529541016
'TestCinemas/Random/140\\random_nrc_10_14_pe_60.0%_po_30.0%_3.txt', 18, 18, 0.0029993057250976562, 0.0060002803802490234
'TestCinemas/Random/140\\random_nrc_10_14_pe_60.0%_po_30.0%_4.txt', 16, 16, 0.00400090217590332, 0.005999088287353516
'TestCinemas/Random/140\\random_nrc_10_14_pe_60.0%_po_30.0%_5.txt', 20, 20, 0.005000591278076172, 0.006999492645263672
'TestCinemas/Random/140\\random_nrc_10_14_pe_60.0%_po_50.0%_1.txt', 22, 22, 0.003999471664428711, 0.006002902984619141
'TestCinemas/Random/140\\random_nrc_10_14_pe_60.0%_po_50.0%_2.txt', 24, 24, 0.0050008296966552734, 0.008002042770385742
'TestCinemas/Random/140\\random_nrc_10_14_pe_60.0%_po_50.0%_3.txt', 28, 28, 0.0049970149993896484, 0.009000539779663086
'TestCinemas/Random/140\\random_nrc_10_14_pe_60.0%_po_50.0%_4.txt', 21, 21, 0.006002902984619141, 0.008997678756713867
'TestCinemas/Random/140\\random_nrc_10_14_pe_60.0%_po_50.0%_5.txt', 22, 22, 0.005998373031616211, 0.0070040225982666016
'TestCinemas/Random/140\\random_nrc_10_14_pe_60.0%_po_70.0%_1.txt', 18, 18, 0.006000518798828125, 0.0070002079010009766
'TestCinemas/Random/140\\random_nrc_10_14_pe_60.0%_po_70.0%_2.txt', 25, 23, 0.006999969482421875, 0.014999151229858398
'TestCinemas/Random/140\\random_nrc_10_14_pe_60.0%_po_70.0%_3.txt', 31, 29, 0.008000850677490234, 0.020000457763671875
'TestCinemas/Random/140\\random_nrc_10_14_pe_60.0%_po_70.0%_4.txt', 26, 26, 0.006003379821777344, 0.01199960708618164
'TestCinemas/Random/140\\random_nrc_10_14_pe_60.0%_po_70.0%_5.txt', 25, 25, 0.007002592086791992, 0.008999347686767578
'TestCinemas/Random/140\\random_nrc_10_14_pe_60.0%_po_90.0%_1.txt', 23, 23, 0.005998134613037109, 0.008000612258911133
'TestCinemas/Random/140\\random_nrc_10_14_pe_60.0%_po_90.0%_2.txt', 31, 31, 0.008002519607543945, 0.11100077629089355
'TestCinemas/Random/140\\random_nrc_10_14_pe_60.0%_po_90.0%_3.txt', 28, 30, 0.006998300552368164, 0.009999513626098633
'TestCinemas/Random/140\\random_nrc_10_14_pe_60.0%_po_90.0%_4.txt', 28, 28, 0.009999513626098633, 0.014002323150634766
'TestCinemas/Random/140\\random_nrc_10_14_pe_60.0%_po_90.0%_5.txt', 35, 35, 0.008002758026123047, 0.010995626449584961
'TestCinemas/Random/140\\random_nrc_10_14_pe_80.0%_po_30.0%_1.txt', 2, 2, 0.0010035037994384766, 0.0019989013671875
'TestCinemas/Random/140\\random_nrc_10_14_pe_80.0%_po_30.0%_2.txt', 6, 6, 0.0010004043579101562, 0.0010001659393310547
'TestCinemas/Random/140\\random_nrc_10_14_pe_80.0%_po_30.0%_3.txt', 11, 11, 0.0010004043579101562, 0.003002166748046875
'TestCinemas/Random/140\\random_nrc_10_14_pe_80.0%_po_30.0%_4.txt', 4, 4, 0.000997781753540039, 0.001001119613647461
'TestCinemas/Random/140\\random_nrc_10_14_pe_80.0%_po_30.0%_5.txt', 8, 8, 0.0009996891021728516, 0.0019991397857666016
'TestCinemas/Random/140\\random_nrc_10_14_pe_80.0%_po_50.0%_1.txt', 14, 14, 0.002997159957885742, 0.0039997100830078125
'TestCinemas/Random/140\\random_nrc_10_14_pe_80.0%_po_50.0%_2.txt', 9, 9, 0.0009992122650146484, 0.0029993057250976562
'TestCinemas/Random/140\\random_nrc_10_14_pe_80.0%_po_50.0%_3.txt', 11, 11, 0.0019986629486083984, 0.0019998550415039062
'TestCinemas/Random/140\\random_nrc_10_14_pe_80.0%_po_50.0%_4.txt', 8, 8, 0.0019996166229248047, 0.0020008087158203125
'TestCinemas/Random/140\\random_nrc_10_14_pe_80.0%_po_50.0%_5.txt', 6, 6, 0.001001119613647461, 0.0020041465759277344
'TestCinemas/Random/140\\random_nrc_10_14_pe_80.0%_po_70.0%_1.txt', 19, 19, 0.004002809524536133, 0.004997730255126953
'TestCinemas/Random/140\\random_nrc_10_14_pe_80.0%_po_70.0%_2.txt', 8, 8, 0.0030024051666259766, 0.00400233268737793
'TestCinemas/Random/140\\random_nrc_10_14_pe_80.0%_po_70.0%_3.txt', 18, 18, 0.003999233245849609, 0.006002187728881836
'TestCinemas/Random/140\\random_nrc_10_14_pe_80.0%_po_70.0%_4.txt', 6, 6, 0.0010006427764892578, 0.0019989013671875
'TestCinemas/Random/140\\random_nrc_10_14_pe_80.0%_po_70.0%_5.txt', 6, 6, 0.0019953250885009766, 0.0030002593994140625
'TestCinemas/Random/140\\random_nrc_10_14_pe_80.0%_po_90.0%_1.txt', 11, 11, 0.0019989013671875, 0.004000425338745117
'TestCinemas/Random/140\\random_nrc_10_14_pe_80.0%_po_90.0%_2.txt', 8, 8, 0.0029990673065185547, 0.004000425338745117
'TestCinemas/Random/140\\random_nrc_10_14_pe_80.0%_po_90.0%_3.txt', 19, 19, 0.003998517990112305, 0.003999948501586914
'TestCinemas/Random/140\\random_nrc_10_14_pe_80.0%_po_90.0%_4.txt', 14, 14, 0.0029997825622558594, 0.004998207092285156
'TestCinemas/Random/140\\random_nrc_10_14_pe_80.0%_po_90.0%_5.txt', 6, 6, 0.003997325897216797, 0.00599980354309082
