'TestCinemas/Random/100\\random_nrc_10_10_pe_0%_po_30.0%_1.txt', 30, 30, 0.01000070571899414, 0.1530003547668457
'TestCinemas/Random/100\\random_nrc_10_10_pe_0%_po_30.0%_2.txt', 30, 30, 0.013000726699829102, 0.019997596740722656
'TestCinemas/Random/100\\random_nrc_10_10_pe_0%_po_30.0%_3.txt', 30, 30, 0.010000944137573242, 0.1589984893798828
'TestCinemas/Random/100\\random_nrc_10_10_pe_0%_po_30.0%_4.txt', 30, 30, 0.010999679565429688, 0.014999628067016602
'TestCinemas/Random/100\\random_nrc_10_10_pe_0%_po_30.0%_5.txt', 30, 30, 0.009999513626098633, 0.032000064849853516
'TestCinemas/Random/100\\random_nrc_10_10_pe_0%_po_50.0%_1.txt', 38, 40, 0.013000011444091797, 0.27700018882751465
'TestCinemas/Random/100\\random_nrc_10_10_pe_0%_po_50.0%_2.txt', 33, 33, 0.013997316360473633, 0.01900005340576172
'TestCinemas/Random/100\\random_nrc_10_10_pe_0%_po_50.0%_3.txt', 32, 32, 0.01200103759765625, 0.01699972152709961
'TestCinemas/Random/100\\random_nrc_10_10_pe_0%_po_50.0%_4.txt', 34, 34, 0.01299905776977539, 0.03000020980834961
'TestCinemas/Random/100\\random_nrc_10_10_pe_0%_po_50.0%_5.txt', 35, 35, 0.011997699737548828, 0.15300273895263672
'TestCinemas/Random/100\\random_nrc_10_10_pe_0%_po_70.0%_1.txt', 39, 38, 0.014000892639160156, 0.2689990997314453
'TestCinemas/Random/100\\random_nrc_10_10_pe_0%_po_70.0%_2.txt', 35, 35, 0.016000032424926758, 0.023000478744506836
'TestCinemas/Random/100\\random_nrc_10_10_pe_0%_po_70.0%_3.txt', 39, 39, 0.013000965118408203, 0.06699991226196289
'TestCinemas/Random/100\\random_nrc_10_10_pe_0%_po_70.0%_4.txt', 33, 33, 0.014997243881225586, 0.01800251007080078
'TestCinemas/Random/100\\random_nrc_10_10_pe_0%_po_70.0%_5.txt', 35, 35, 0.014000415802001953, 0.15800070762634277
'TestCinemas/Random/100\\random_nrc_10_10_pe_0%_po_90.0%_1.txt', 40, 41, 0.016997337341308594, 0.17799973487854004
'TestCinemas/Random/100\\random_nrc_10_10_pe_0%_po_90.0%_2.txt', 38, 39, 0.01699995994567871, 0.05300092697143555
'TestCinemas/Random/100\\random_nrc_10_10_pe_0%_po_90.0%_3.txt', 41, 40, 0.01599740982055664, 0.06399989128112793
'TestCinemas/Random/100\\random_nrc_10_10_pe_0%_po_90.0%_4.txt', 35, 35, 0.016997575759887695, 0.17700457572937012
'TestCinemas/Random/100\\random_nrc_10_10_pe_0%_po_90.0%_5.txt', 40, 40, 0.015996932983398438, 0.28099989891052246
'TestCinemas/Random/100\\random_nrc_10_10_pe_20.0%_po_30.0%_1.txt', 23, 23, 0.0060007572174072266, 0.009000062942504883
'TestCinemas/Random/100\\random_nrc_10_10_pe_20.0%_po_30.0%_2.txt', 25, 25, 0.0069980621337890625, 0.011998891830444336
'TestCinemas/Random/100\\random_nrc_10_10_pe_20.0%_po_30.0%_3.txt', 25, 25, 0.007999420166015625, 0.011002063751220703
'TestCinemas/Random/100\\random_nrc_10_10_pe_20.0%_po_30.0%_4.txt', 26, 26, 0.008999347686767578, 0.012000799179077148
'TestCinemas/Random/100\\random_nrc_10_10_pe_20.0%_po_30.0%_5.txt', 24, 24, 0.006997585296630859, 0.009999752044677734
'TestCinemas/Random/100\\random_nrc_10_10_pe_20.0%_po_50.0%_1.txt', 30, 30, 0.009000062942504883, 0.012000083923339844
'TestCinemas/Random/100\\random_nrc_10_10_pe_20.0%_po_50.0%_2.txt', 33, 33, 0.006999015808105469, 0.10400009155273438
'TestCinemas/Random/100\\random_nrc_10_10_pe_20.0%_po_50.0%_3.txt', 30, 30, 0.007996320724487305, 0.019002437591552734
'TestCinemas/Random/100\\random_nrc_10_10_pe_20.0%_po_50.0%_4.txt', 30, 30, 0.0070018768310546875, 0.0189969539642334
'TestCinemas/Random/100\\random_nrc_10_10_pe_20.0%_po_50.0%_5.txt', 28, 28, 0.008001327514648438, 0.010997295379638672
'TestCinemas/Random/100\\random_nrc_10_10_pe_20.0%_po_70.0%_1.txt', 36, 37, 0.008999824523925781, 0.1959972381591797
'TestCinemas/Random/100\\random_nrc_10_10_pe_20.0%_po_70.0%_2.txt', 27, 29, 0.007000923156738281, 0.08799934387207031
'TestCinemas/Random/100\\random_nrc_10_10_pe_20.0%_po_70.0%_3.txt', 34, 36, 0.008002042770385742, 0.1399984359741211
'TestCinemas/Random/100\\random_nrc_10_10_pe_20.0%_po_70.0%_4.txt', 31, 31, 0.007999897003173828, 0.01699995994567871
'TestCinemas/Random/100\\random_nrc_10_10_pe_20.0%_po_70.0%_5.txt', 30, 34, 0.009000062942504883, 0.12200045585632324
'TestCinemas/Random/100\\random_nrc_10_10_pe_20.0%_po_90.0%_1.txt', 35, 35, 0.010999917984008789, 0.12000036239624023
'TestCinemas/Random/100\\random_nrc_10_10_pe_20.0%_po_90.0%_2.txt', 34, 36, 0.0070002079010009766, 0.10499978065490723
'TestCinemas/Random/100\\random_nrc_10_10_pe_20.0%_po_90.0%_3.txt', 32, 31, 0.010000467300415039, 0.0989999771118164
'TestCinemas/Random/100\\random_nrc_10_10_pe_20.0%_po_90.0%_4.txt', 37, 39, 0.010999917984008789, 0.1190030574798584
'TestCinemas/Random/100\\random_nrc_10_10_pe_20.0%_po_90.0%_5.txt', 31, 31, 0.009999513626098633, 0.10600447654724121
'TestCinemas/Random/100\\random_nrc_10_10_pe_40.0%_po_30.0%_1.txt', 17, 17, 0.002000093460083008, 0.012999773025512695
'TestCinemas/Random/100\\random_nrc_10_10_pe_40.0%_po_30.0%_2.txt', 18, 18, 0.0040013790130615234, 0.005000114440917969
'TestCinemas/Random/100\\random_nrc_10_10_pe_40.0%_po_30.0%_3.txt', 19, 19, 0.004000425338745117, 0.006999969482421875
'TestCinemas/Random/100\\random_nrc_10_10_pe_40.0%_po_30.0%_4.txt', 19, 19, 0.003000020980834961, 0.009999752044677734
'TestCinemas/Random/100\\random_nrc_10_10_pe_40.0%_po_30.0%_5.txt', 18, 18, 0.004000425338745117, 0.005999565124511719
'TestCinemas/Random/100\\random_nrc_10_10_pe_40.0%_po_50.0%_1.txt', 28, 27, 0.005999326705932617, 0.009000062942504883
'TestCinemas/Random/100\\random_nrc_10_10_pe_40.0%_po_50.0%_2.txt', 22, 22, 0.004000186920166016, 0.0050029754638671875
'TestCinemas/Random/100\\random_nrc_10_10_pe_40.0%_po_50.0%_3.txt', 26, 26, 0.003999948501586914, 0.016000032424926758
'TestCinemas/Random/100\\random_nrc_10_10_pe_40.0%_po_50.0%_4.txt', 21, 23, 0.004997968673706055, 0.00800180435180664
'TestCinemas/Random/100\\random_nrc_10_10_pe_40.0%_po_50.0%_5.txt', 26, 30, 0.005002021789550781, 0.02099776268005371
'TestCinemas/Random/100\\random_nrc_10_10_pe_40.0%_po_70.0%_1.txt', 27, 27, 0.006997585296630859, 0.009001970291137695
'TestCinemas/Random/100\\random_nrc_10_10_pe_40.0%_po_70.0%_2.txt', 27, 27, 0.006999969482421875, 0.009000301361083984
'TestCinemas/Random/100\\random_nrc_10_10_pe_40.0%_po_70.0%_3.txt', 28, 29, 0.006997108459472656, 0.018001556396484375
'TestCinemas/Random/100\\random_nrc_10_10_pe_40.0%_po_70.0%_4.txt', 25, 25, 0.007000446319580078, 0.009000301361083984
'TestCinemas/Random/100\\random_nrc_10_10_pe_40.0%_po_70.0%_5.txt', 28, 28, 0.0069980621337890625, 0.010999917984008789
'TestCinemas/Random/100\\random_nrc_10_10_pe_40.0%_po_90.0%_1.txt', 25, 26, 0.006002187728881836, 0.00899815559387207
'TestCinemas/Random/100\\random_nrc_10_10_pe_40.0%_po_90.0%_2.txt', 29, 29, 0.009000301361083984, 0.01199960708618164
'TestCinemas/Random/100\\random_nrc_10_10_pe_40.0%_po_90.0%_3.txt', 28, 28, 0.0050008296966552734, 0.08999943733215332
'TestCinemas/Random/100\\random_nrc_10_10_pe_40.0%_po_90.0%_4.txt', 26, 26, 0.007998943328857422, 0.01200103759765625
'TestCinemas/Random/100\\random_nrc_10_10_pe_40.0%_po_90.0%_5.txt', 26, 27, 0.006000041961669922, 0.013000726699829102
'TestCinemas/Random/100\\random_nrc_10_10_pe_60.0%_po_30.0%_1.txt', 13, 13, 0.0019998550415039062, 0.004001617431640625
'TestCinemas/Random/100\\random_nrc_10_10_pe_60.0%_po_30.0%_2.txt', 10, 10, 0.002003192901611328, 0.001997232437133789
'TestCinemas/Random/100\\random_nrc_10_10_pe_60.0%_po_30.0%_3.txt', 12, 12, 0.001997709274291992, 0.0030007362365722656
'TestCinemas/Random/100\\random_nrc_10_10_pe_60.0%_po_30.0%_4.txt', 10, 14, 0.002000093460083008, 0.004000425338745117
'TestCinemas/Random/100\\random_nrc_10_10_pe_60.0%_po_30.0%_5.txt', 11, 11, 0.0009992122650146484, 0.0019998550415039062
'TestCinemas/Random/100\\random_nrc_10_10_pe_60.0%_po_50.0%_1.txt', 16, 16, 0.003000020980834961, 0.005999565124511719
'TestCinemas/Random/100\\random_nrc_10_10_pe_60.0%_po_50.0%_2.txt', 12, 12, 0.0019998550415039062, 0.003000974655151367
'TestCinemas/Random/100\\random_nrc_10_10_pe_60.0%_po_50.0%_3.txt', 12, 12, 0.0029997825622558594, 0.003000020980834961
'TestCinemas/Random/100\\random_nrc_10_10_pe_60.0%_po_50.0%_4.txt', 15, 15, 0.0020008087158203125, 0.0049991607666015625
'TestCinemas/Random/100\\random_nrc_10_10_pe_60.0%_po_50.0%_5.txt', 17, 17, 0.0020003318786621094, 0.0069997310638427734
'TestCinemas/Random/100\\random_nrc_10_10_pe_60.0%_po_70.0%_1.txt', 19, 19, 0.0039980411529541016, 0.0039997100830078125
'TestCinemas/Random/100\\random_nrc_10_10_pe_60.0%_po_70.0%_2.txt', 15, 15, 0.00400090217590332, 0.004002571105957031
'TestCinemas/Random/100\\random_nrc_10_10_pe_60.0%_po_70.0%_3.txt', 17, 17, 0.003000020980834961, 0.003999948501586914
'TestCinemas/Random/100\\random_nrc_10_10_pe_60.0%_po_70.0%_4.txt', 24, 24, 0.003999471664428711, 0.006000995635986328
'TestCinemas/Random/100\\random_nrc_10_10_pe_60.0%_po_70.0%_5.txt', 20, 22, 0.003000020980834961, 0.04200005531311035
'TestCinemas/Random/100\\random_nrc_10_10_pe_60.0%_po_90.0%_1.txt', 22, 22, 0.006000518798828125, 0.007999897003173828
'TestCinemas/Random/100\\random_nrc_10_10_pe_60.0%_po_90.0%_2.txt', 19, 19, 0.003000974655151367, 0.0050008296966552734
'TestCinemas/Random/100\\random_nrc_10_10_pe_60.0%_po_90.0%_3.txt', 20, 20, 0.004999876022338867, 0.00699925422668457
'TestCinemas/Random/100\\random_nrc_10_10_pe_60.0%_po_90.0%_4.txt', 16, 16, 0.004000186920166016, 0.005000114440917969
'TestCinemas/Random/100\\random_nrc_10_10_pe_60.0%_po_90.0%_5.txt', 15, 17, 0.004000425338745117, 0.008001089096069336
'TestCinemas/Random/100\\random_nrc_10_10_pe_80.0%_po_30.0%_1.txt', 5, 5, 0.0, 0.0009982585906982422
'TestCinemas/Random/100\\random_nrc_10_10_pe_80.0%_po_30.0%_2.txt', 5, 5, 0.0, 0.0010004043579101562
'TestCinemas/Random/100\\random_nrc_10_10_pe_80.0%_po_30.0%_3.txt', 7, 7, 0.0, 0.0019969940185546875
'TestCinemas/Random/100\\random_nrc_10_10_pe_80.0%_po_30.0%_4.txt', 3, 3, 0.0, 0.0010006427764892578
'TestCinemas/Random/100\\random_nrc_10_10_pe_80.0%_po_30.0%_5.txt', 3, 3, 0.0, 0.0010004043579101562
'TestCinemas/Random/100\\random_nrc_10_10_pe_80.0%_po_50.0%_1.txt', 8, 8, 0.0010013580322265625, 0.002001523971557617
'TestCinemas/Random/100\\random_nrc_10_10_pe_80.0%_po_50.0%_2.txt', 6, 6, 0.0010023117065429688, 0.0009970664978027344
'TestCinemas/Random/100\\random_nrc_10_10_pe_80.0%_po_50.0%_3.txt', 6, 6, 0.0010006427764892578, 0.0010008811950683594
'TestCinemas/Random/100\\random_nrc_10_10_pe_80.0%_po_50.0%_4.txt', 7, 7, 0.0010035037994384766, 0.0009965896606445312
'TestCinemas/Random/100\\random_nrc_10_10_pe_80.0%_po_50.0%_5.txt', 5, 5, 0.0, 0.002000093460083008
'TestCinemas/Random/100\\random_nrc_10_10_pe_80.0%_po_70.0%_1.txt', 7, 7, 0.0010025501251220703, 0.0019996166229248047
'TestCinemas/Random/100\\random_nrc_10_10_pe_80.0%_po_70.0%_2.txt', 12, 12, 0.001001119613647461, 0.0019986629486083984
'TestCinemas/Random/100\\random_nrc_10_10_pe_80.0%_po_70.0%_3.txt', 5, 5, 0.0010001659393310547, 0.0009970664978027344
'TestCinemas/Random/100\\random_nrc_10_10_pe_80.0%_po_70.0%_4.txt', 11, 11, 0.0019974708557128906, 0.0009999275207519531
'TestCinemas/Random/100\\random_nrc_10_10_pe_80.0%_po_70.0%_5.txt', 3, 3, 0.0010037422180175781, 0.0019960403442382812
'TestCinemas/Random/100\\random_nrc_10_10_pe_80.0%_po_90.0%_1.txt', 6, 6, 0.0010004043579101562, 0.0019998550415039062
'TestCinemas/Random/100\\random_nrc_10_10_pe_80.0%_po_90.0%_2.txt', 12, 12, 0.0010046958923339844, 0.0019979476928710938
'TestCinemas/Random/100\\random_nrc_10_10_pe_80.0%_po_90.0%_3.txt', 8, 8, 0.0019998550415039062, 0.0030014514923095703
'TestCinemas/Random/100\\random_nrc_10_10_pe_80.0%_po_90.0%_4.txt', 10, 10, 0.0019981861114501953, 0.0030028820037841797
'TestCinemas/Random/100\\random_nrc_10_10_pe_80.0%_po_90.0%_5.txt', 7, 7, 0.0010013580322265625, 0.001999378204345703
