'TestCinemas/Random/600\\random_nrc_20_30_pe_0%_po_30.0%_1.txt', 178, 178, 0.408998966217041, 1.6760003566741943
'TestCinemas/Random/600\\random_nrc_20_30_pe_0%_po_30.0%_2.txt', 178, 178, 0.4140021800994873, 0.8030002117156982
'TestCinemas/Random/600\\random_nrc_20_30_pe_0%_po_30.0%_3.txt', 180, 178, 0.429002046585083, 1.7070276737213135
'TestCinemas/Random/600\\random_nrc_20_30_pe_0%_po_30.0%_4.txt', 178, 178, 0.41500115394592285, 1.6849956512451172
'TestCinemas/Random/600\\random_nrc_20_30_pe_0%_po_30.0%_5.txt', 180, 180, 0.437000036239624, 2.6429989337921143
'TestCinemas/Random/600\\random_nrc_20_30_pe_0%_po_50.0%_1.txt', 206, 205, 0.5060024261474609, 4.230000734329224
'TestCinemas/Random/600\\random_nrc_20_30_pe_0%_po_50.0%_2.txt', 211, 213, 0.5050013065338135, 6.677000045776367
'TestCinemas/Random/600\\random_nrc_20_30_pe_0%_po_50.0%_3.txt', 207, 207, 0.5159990787506104, 6.668999433517456
'TestCinemas/Random/600\\random_nrc_20_30_pe_0%_po_50.0%_4.txt', 193, 190, 0.5159978866577148, 1.9469997882843018
'TestCinemas/Random/600\\random_nrc_20_30_pe_0%_po_50.0%_5.txt', 185, 185, 0.508000373840332, 1.697700023651123
'TestCinemas/Random/600\\random_nrc_20_30_pe_0%_po_70.0%_1.txt', 214, 211, 0.5809998512268066, 4.34699821472168
'TestCinemas/Random/600\\random_nrc_20_30_pe_0%_po_70.0%_2.txt', 219, 212, 0.6080009937286377, 2.6310038566589355
'TestCinemas/Random/600\\random_nrc_20_30_pe_0%_po_70.0%_3.txt', 205, 204, 0.5950007438659668, 5.849998235702515
'TestCinemas/Random/600\\random_nrc_20_30_pe_0%_po_70.0%_4.txt', 206, 211, 0.5829997062683105, 5.014001369476318
'TestCinemas/Random/600\\random_nrc_20_30_pe_0%_po_70.0%_5.txt', 221, 221, 0.5695319175720215, 7.1540000438690186
'TestCinemas/Random/600\\random_nrc_20_30_pe_0%_po_90.0%_1.txt', 219, 213, 0.6629986763000488, 4.667672872543335
'TestCinemas/Random/600\\random_nrc_20_30_pe_0%_po_90.0%_2.txt', 238, 234, 0.6360015869140625, 10.428996801376343
'TestCinemas/Random/600\\random_nrc_20_30_pe_0%_po_90.0%_3.txt', 212, 212, 0.6749987602233887, 4.484999895095825
'TestCinemas/Random/600\\random_nrc_20_30_pe_0%_po_90.0%_4.txt', 225, 221, 0.6675775051116943, 8.443999290466309
'TestCinemas/Random/600\\random_nrc_20_30_pe_0%_po_90.0%_5.txt', 211, 208, 0.6750001907348633, 4.317790985107422
'TestCinemas/Random/600\\random_nrc_20_30_pe_20.0%_po_30.0%_1.txt', 139, 139, 0.21799921989440918, 1.666003704071045
'TestCinemas/Random/600\\random_nrc_20_30_pe_20.0%_po_30.0%_2.txt', 145, 145, 0.24599957466125488, 1.1780006885528564
'TestCinemas/Random/600\\random_nrc_20_30_pe_20.0%_po_30.0%_3.txt', 145, 145, 0.25299882888793945, 1.1610164642333984
'TestCinemas/Random/600\\random_nrc_20_30_pe_20.0%_po_30.0%_4.txt', 148, 148, 0.2530031204223633, 1.2209999561309814
'TestCinemas/Random/600\\random_nrc_20_30_pe_20.0%_po_30.0%_5.txt', 144, 144, 0.2279970645904541, 1.719998836517334
'TestCinemas/Random/600\\random_nrc_20_30_pe_20.0%_po_50.0%_1.txt', 173, 176, 0.312000036239624, 1.9590113162994385
'TestCinemas/Random/600\\random_nrc_20_30_pe_20.0%_po_50.0%_2.txt', 174, 168, 0.27700209617614746, 0.7339999675750732
'TestCinemas/Random/600\\random_nrc_20_30_pe_20.0%_po_50.0%_3.txt', 166, 165, 0.3020005226135254, 1.8596110343933105
'TestCinemas/Random/600\\random_nrc_20_30_pe_20.0%_po_50.0%_4.txt', 180, 181, 0.2650008201599121, 2.7940008640289307
'TestCinemas/Random/600\\random_nrc_20_30_pe_20.0%_po_50.0%_5.txt', 178, 181, 0.30201148986816406, 2.097032308578491
'TestCinemas/Random/600\\random_nrc_20_30_pe_20.0%_po_70.0%_1.txt', 185, 192, 0.29400038719177246, 4.2820000648498535
'TestCinemas/Random/600\\random_nrc_20_30_pe_20.0%_po_70.0%_2.txt', 183, 187, 0.31799912452697754, 3.7169997692108154
'TestCinemas/Random/600\\random_nrc_20_30_pe_20.0%_po_70.0%_3.txt', 189, 192, 0.33500170707702637, 3.4369988441467285
'TestCinemas/Random/600\\random_nrc_20_30_pe_20.0%_po_70.0%_4.txt', 180, 180, 0.3319993019104004, 2.6629977226257324
'TestCinemas/Random/600\\random_nrc_20_30_pe_20.0%_po_70.0%_5.txt', 183, 184, 0.3360006809234619, 2.540999174118042
'TestCinemas/Random/600\\random_nrc_20_30_pe_20.0%_po_90.0%_1.txt', 181, 186, 0.38300061225891113, 2.2590010166168213
'TestCinemas/Random/600\\random_nrc_20_30_pe_20.0%_po_90.0%_2.txt', 187, 190, 0.3860013484954834, 3.451000690460205
'TestCinemas/Random/600\\random_nrc_20_30_pe_20.0%_po_90.0%_3.txt', 189, 192, 0.3920011520385742, 2.9789984226226807
'TestCinemas/Random/600\\random_nrc_20_30_pe_20.0%_po_90.0%_4.txt', 184, 200, 0.34599900245666504, 3.179002046585083
'TestCinemas/Random/600\\random_nrc_20_30_pe_20.0%_po_90.0%_5.txt', 190, 196, 0.3339977264404297, 4.258997678756714
'TestCinemas/Random/600\\random_nrc_20_30_pe_40.0%_po_30.0%_1.txt', 101, 101, 0.11100149154663086, 0.21799874305725098
'TestCinemas/Random/600\\random_nrc_20_30_pe_40.0%_po_30.0%_2.txt', 106, 106, 0.14300179481506348, 0.21900033950805664
'TestCinemas/Random/600\\random_nrc_20_30_pe_40.0%_po_30.0%_3.txt', 109, 109, 0.12499737739562988, 1.090998888015747
'TestCinemas/Random/600\\random_nrc_20_30_pe_40.0%_po_30.0%_4.txt', 111, 111, 0.14800071716308594, 0.6669988632202148
'TestCinemas/Random/600\\random_nrc_20_30_pe_40.0%_po_30.0%_5.txt', 114, 114, 0.1419994831085205, 1.115999460220337
'TestCinemas/Random/600\\random_nrc_20_30_pe_40.0%_po_50.0%_1.txt', 146, 144, 0.15800070762634277, 0.7429990768432617
'TestCinemas/Random/600\\random_nrc_20_30_pe_40.0%_po_50.0%_2.txt', 148, 152, 0.1609954833984375, 1.3240001201629639
'TestCinemas/Random/600\\random_nrc_20_30_pe_40.0%_po_50.0%_3.txt', 147, 149, 0.1529996395111084, 0.3410005569458008
'TestCinemas/Random/600\\random_nrc_20_30_pe_40.0%_po_50.0%_4.txt', 152, 157, 0.1750013828277588, 0.7349972724914551
'TestCinemas/Random/600\\random_nrc_20_30_pe_40.0%_po_50.0%_5.txt', 154, 160, 0.1419992446899414, 1.5030009746551514
'TestCinemas/Random/600\\random_nrc_20_30_pe_40.0%_po_70.0%_1.txt', 148, 155, 0.1939988136291504, 1.1409995555877686
'TestCinemas/Random/600\\random_nrc_20_30_pe_40.0%_po_70.0%_2.txt', 166, 166, 0.2220010757446289, 1.4029998779296875
'TestCinemas/Random/600\\random_nrc_20_30_pe_40.0%_po_70.0%_3.txt', 158, 162, 0.1940016746520996, 0.896000862121582
'TestCinemas/Random/600\\random_nrc_20_30_pe_40.0%_po_70.0%_4.txt', 150, 154, 0.23099994659423828, 1.2269999980926514
'TestCinemas/Random/600\\random_nrc_20_30_pe_40.0%_po_70.0%_5.txt', 157, 160, 0.1880030632019043, 1.6209986209869385
'TestCinemas/Random/600\\random_nrc_20_30_pe_40.0%_po_90.0%_1.txt', 156, 158, 0.21700048446655273, 1.2160015106201172
'TestCinemas/Random/600\\random_nrc_20_30_pe_40.0%_po_90.0%_2.txt', 162, 165, 0.21399974822998047, 1.0300016403198242
'TestCinemas/Random/600\\random_nrc_20_30_pe_40.0%_po_90.0%_3.txt', 147, 147, 0.22499942779541016, 0.4350011348724365
'TestCinemas/Random/600\\random_nrc_20_30_pe_40.0%_po_90.0%_4.txt', 164, 166, 0.233001708984375, 1.6789987087249756
'TestCinemas/Random/600\\random_nrc_20_30_pe_40.0%_po_90.0%_5.txt', 162, 172, 0.2609984874725342, 2.197002649307251
'TestCinemas/Random/600\\random_nrc_20_30_pe_60.0%_po_30.0%_1.txt', 76, 76, 0.08899927139282227, 0.15999889373779297
'TestCinemas/Random/600\\random_nrc_20_30_pe_60.0%_po_30.0%_2.txt', 65, 71, 0.06399655342102051, 0.16299867630004883
'TestCinemas/Random/600\\random_nrc_20_30_pe_60.0%_po_30.0%_3.txt', 70, 70, 0.05800175666809082, 0.10100173950195312
'TestCinemas/Random/600\\random_nrc_20_30_pe_60.0%_po_30.0%_4.txt', 72, 72, 0.07100057601928711, 0.11500072479248047
'TestCinemas/Random/600\\random_nrc_20_30_pe_60.0%_po_30.0%_5.txt', 66, 66, 0.05300164222717285, 0.1009974479675293
'TestCinemas/Random/600\\random_nrc_20_30_pe_60.0%_po_50.0%_1.txt', 101, 110, 0.07699990272521973, 0.1679995059967041
'TestCinemas/Random/600\\random_nrc_20_30_pe_60.0%_po_50.0%_2.txt', 92, 94, 0.08300065994262695, 0.12400007247924805
'TestCinemas/Random/600\\random_nrc_20_30_pe_60.0%_po_50.0%_3.txt', 98, 98, 0.08099937438964844, 0.17099881172180176
'TestCinemas/Random/600\\random_nrc_20_30_pe_60.0%_po_50.0%_4.txt', 98, 98, 0.07699942588806152, 0.1440119743347168
'TestCinemas/Random/600\\random_nrc_20_30_pe_60.0%_po_50.0%_5.txt', 108, 110, 0.08899879455566406, 0.14200210571289062
'TestCinemas/Random/600\\random_nrc_20_30_pe_60.0%_po_70.0%_1.txt', 92, 98, 0.09600114822387695, 0.22699666023254395
'TestCinemas/Random/600\\random_nrc_20_30_pe_60.0%_po_70.0%_2.txt', 111, 118, 0.10399889945983887, 0.6010138988494873
'TestCinemas/Random/600\\random_nrc_20_30_pe_60.0%_po_70.0%_3.txt', 98, 98, 0.11899924278259277, 0.16701340675354004
'TestCinemas/Random/600\\random_nrc_20_30_pe_60.0%_po_70.0%_4.txt', 84, 84, 0.09200286865234375, 0.12999725341796875
'TestCinemas/Random/600\\random_nrc_20_30_pe_60.0%_po_70.0%_5.txt', 96, 94, 0.10900092124938965, 0.17199993133544922
'TestCinemas/Random/600\\random_nrc_20_30_pe_60.0%_po_90.0%_1.txt', 116, 118, 0.13099932670593262, 0.18900060653686523
'TestCinemas/Random/600\\random_nrc_20_30_pe_60.0%_po_90.0%_2.txt', 115, 124, 0.1210019588470459, 0.26199865341186523
'TestCinemas/Random/600\\random_nrc_20_30_pe_60.0%_po_90.0%_3.txt', 111, 120, 0.13901138305664062, 0.23401355743408203
'TestCinemas/Random/600\\random_nrc_20_30_pe_60.0%_po_90.0%_4.txt', 112, 111, 0.13301348686218262, 0.26101016998291016
'TestCinemas/Random/600\\random_nrc_20_30_pe_60.0%_po_90.0%_5.txt', 121, 119, 0.13699889183044434, 0.23099875450134277
'TestCinemas/Random/600\\random_nrc_20_30_pe_80.0%_po_30.0%_1.txt', 35, 35, 0.020000934600830078, 0.027997970581054688
'TestCinemas/Random/600\\random_nrc_20_30_pe_80.0%_po_30.0%_2.txt', 23, 23, 0.01799798011779785, 0.028000831604003906
'TestCinemas/Random/600\\random_nrc_20_30_pe_80.0%_po_30.0%_3.txt', 37, 37, 0.02000141143798828, 0.029000282287597656
'TestCinemas/Random/600\\random_nrc_20_30_pe_80.0%_po_30.0%_4.txt', 34, 34, 0.01999974250793457, 0.03000020980834961
'TestCinemas/Random/600\\random_nrc_20_30_pe_80.0%_po_30.0%_5.txt', 37, 37, 0.020003557205200195, 0.029998779296875
'TestCinemas/Random/600\\random_nrc_20_30_pe_80.0%_po_50.0%_1.txt', 39, 39, 0.026997089385986328, 0.041002511978149414
'TestCinemas/Random/600\\random_nrc_20_30_pe_80.0%_po_50.0%_2.txt', 38, 38, 0.027002811431884766, 0.04599905014038086
'TestCinemas/Random/600\\random_nrc_20_30_pe_80.0%_po_50.0%_3.txt', 46, 46, 0.04200172424316406, 0.06099867820739746
'TestCinemas/Random/600\\random_nrc_20_30_pe_80.0%_po_50.0%_4.txt', 34, 34, 0.02700352668762207, 0.0449986457824707
'TestCinemas/Random/600\\random_nrc_20_30_pe_80.0%_po_50.0%_5.txt', 42, 42, 0.036002397537231445, 0.05099797248840332
'TestCinemas/Random/600\\random_nrc_20_30_pe_80.0%_po_70.0%_1.txt', 33, 33, 0.03599858283996582, 0.054000139236450195
'TestCinemas/Random/600\\random_nrc_20_30_pe_80.0%_po_70.0%_2.txt', 37, 38, 0.036997079849243164, 0.054003000259399414
'TestCinemas/Random/600\\random_nrc_20_30_pe_80.0%_po_70.0%_3.txt', 41, 41, 0.035001277923583984, 0.05099892616271973
'TestCinemas/Random/600\\random_nrc_20_30_pe_80.0%_po_70.0%_4.txt', 38, 38, 0.03700137138366699, 0.05600094795227051
'TestCinemas/Random/600\\random_nrc_20_30_pe_80.0%_po_70.0%_5.txt', 42, 42, 0.038999319076538086, 0.057001352310180664
'TestCinemas/Random/600\\random_nrc_20_30_pe_80.0%_po_90.0%_1.txt', 49, 49, 0.051000356674194336, 0.07200002670288086
'TestCinemas/Random/600\\random_nrc_20_30_pe_80.0%_po_90.0%_2.txt', 43, 43, 0.050000667572021484, 0.0690011978149414
'TestCinemas/Random/600\\random_nrc_20_30_pe_80.0%_po_90.0%_3.txt', 47, 47, 0.05199885368347168, 0.07699966430664062
'TestCinemas/Random/600\\random_nrc_20_30_pe_80.0%_po_90.0%_4.txt', 53, 55, 0.05299854278564453, 0.07899999618530273
'TestCinemas/Random/600\\random_nrc_20_30_pe_80.0%_po_90.0%_5.txt', 40, 40, 0.05299949645996094, 0.0729982852935791
