'TestCinemas/Random/150\\random_nrc_10_15_pe_0%_po_30.0%_1.txt', 45, 45, 0.024998903274536133, 0.03700089454650879
'TestCinemas/Random/150\\random_nrc_10_15_pe_0%_po_30.0%_2.txt', 45, 45, 0.022998571395874023, 0.26599955558776855
'TestCinemas/Random/150\\random_nrc_10_15_pe_0%_po_30.0%_3.txt', 45, 45, 0.02299642562866211, 0.26400089263916016
'TestCinemas/Random/150\\random_nrc_10_15_pe_0%_po_30.0%_4.txt', 45, 45, 0.023001432418823242, 0.03699946403503418
'TestCinemas/Random/150\\random_nrc_10_15_pe_0%_po_30.0%_5.txt', 45, 45, 0.0240023136138916, 0.048996925354003906
'TestCinemas/Random/150\\random_nrc_10_15_pe_0%_po_50.0%_1.txt', 53, 52, 0.03099989891052246, 0.05300402641296387
'TestCinemas/Random/150\\random_nrc_10_15_pe_0%_po_50.0%_2.txt', 54, 54, 0.03199911117553711, 0.08600306510925293
'TestCinemas/Random/150\\random_nrc_10_15_pe_0%_po_50.0%_3.txt', 54, 56, 0.03000330924987793, 0.0919954776763916
'TestCinemas/Random/150\\random_nrc_10_15_pe_0%_po_50.0%_4.txt', 52, 53, 0.03000020980834961, 0.10399842262268066
'TestCinemas/Random/150\\random_nrc_10_15_pe_0%_po_50.0%_5.txt', 52, 52, 0.03199577331542969, 0.04200387001037598
'TestCinemas/Random/150\\random_nrc_10_15_pe_0%_po_70.0%_1.txt', 55, 55, 0.03600049018859863, 0.06299972534179688
'TestCinemas/Random/150\\random_nrc_10_15_pe_0%_po_70.0%_2.txt', 57, 58, 0.03499960899353027, 0.27700161933898926
'TestCinemas/Random/150\\random_nrc_10_15_pe_0%_po_70.0%_3.txt', 58, 58, 0.030999422073364258, 0.4949989318847656
'TestCinemas/Random/150\\random_nrc_10_15_pe_0%_po_70.0%_4.txt', 56, 56, 0.03499960899353027, 0.26600170135498047
'TestCinemas/Random/150\\random_nrc_10_15_pe_0%_po_70.0%_5.txt', 62, 64, 0.03200054168701172, 0.8590025901794434
'TestCinemas/Random/150\\random_nrc_10_15_pe_0%_po_90.0%_1.txt', 56, 56, 0.0429987907409668, 0.2949991226196289
'TestCinemas/Random/150\\random_nrc_10_15_pe_0%_po_90.0%_2.txt', 58, 60, 0.03899955749511719, 0.4680004119873047
'TestCinemas/Random/150\\random_nrc_10_15_pe_0%_po_90.0%_3.txt', 56, 56, 0.04000234603881836, 0.3039994239807129
'TestCinemas/Random/150\\random_nrc_10_15_pe_0%_po_90.0%_4.txt', 54, 55, 0.042999982833862305, 0.07399892807006836
'TestCinemas/Random/150\\random_nrc_10_15_pe_0%_po_90.0%_5.txt', 62, 61, 0.03799939155578613, 0.34600281715393066
'TestCinemas/Random/150\\random_nrc_10_15_pe_20.0%_po_30.0%_1.txt', 34, 34, 0.013001680374145508, 0.026999473571777344
'TestCinemas/Random/150\\random_nrc_10_15_pe_20.0%_po_30.0%_2.txt', 38, 38, 0.015999317169189453, 0.1860039234161377
'TestCinemas/Random/150\\random_nrc_10_15_pe_20.0%_po_30.0%_3.txt', 35, 35, 0.015999794006347656, 0.024999618530273438
'TestCinemas/Random/150\\random_nrc_10_15_pe_20.0%_po_30.0%_4.txt', 36, 36, 0.01500082015991211, 0.03500008583068848
'TestCinemas/Random/150\\random_nrc_10_15_pe_20.0%_po_30.0%_5.txt', 35, 35, 0.01100015640258789, 0.294999361038208
'TestCinemas/Random/150\\random_nrc_10_15_pe_20.0%_po_50.0%_1.txt', 47, 50, 0.016998767852783203, 0.1860055923461914
'TestCinemas/Random/150\\random_nrc_10_15_pe_20.0%_po_50.0%_2.txt', 42, 44, 0.016002416610717773, 0.033998966217041016
'TestCinemas/Random/150\\random_nrc_10_15_pe_20.0%_po_50.0%_3.txt', 45, 45, 0.02200007438659668, 0.03899979591369629
'TestCinemas/Random/150\\random_nrc_10_15_pe_20.0%_po_50.0%_4.txt', 49, 51, 0.020000934600830078, 0.2090015411376953
'TestCinemas/Random/150\\random_nrc_10_15_pe_20.0%_po_50.0%_5.txt', 47, 52, 0.016000032424926758, 0.2090015411376953
'TestCinemas/Random/150\\random_nrc_10_15_pe_20.0%_po_70.0%_1.txt', 48, 47, 0.018001317977905273, 0.18399643898010254
'TestCinemas/Random/150\\random_nrc_10_15_pe_20.0%_po_70.0%_2.txt', 44, 44, 0.023000240325927734, 0.034001827239990234
'TestCinemas/Random/150\\random_nrc_10_15_pe_20.0%_po_70.0%_3.txt', 50, 50, 0.023995399475097656, 0.08800148963928223
'TestCinemas/Random/150\\random_nrc_10_15_pe_20.0%_po_70.0%_4.txt', 47, 47, 0.02900075912475586, 0.04200005531311035
'TestCinemas/Random/150\\random_nrc_10_15_pe_20.0%_po_70.0%_5.txt', 48, 50, 0.01999950408935547, 0.18700122833251953
'TestCinemas/Random/150\\random_nrc_10_15_pe_20.0%_po_90.0%_1.txt', 53, 56, 0.023997068405151367, 0.07900071144104004
'TestCinemas/Random/150\\random_nrc_10_15_pe_20.0%_po_90.0%_2.txt', 46, 46, 0.02400374412536621, 0.03599953651428223
'TestCinemas/Random/150\\random_nrc_10_15_pe_20.0%_po_90.0%_3.txt', 48, 49, 0.021998882293701172, 0.08000373840332031
'TestCinemas/Random/150\\random_nrc_10_15_pe_20.0%_po_90.0%_4.txt', 45, 49, 0.023000717163085938, 0.1849992275238037
'TestCinemas/Random/150\\random_nrc_10_15_pe_20.0%_po_90.0%_5.txt', 47, 46, 0.027001619338989258, 0.19399809837341309
'TestCinemas/Random/150\\random_nrc_10_15_pe_40.0%_po_30.0%_1.txt', 24, 24, 0.008002042770385742, 0.010000944137573242
'TestCinemas/Random/150\\random_nrc_10_15_pe_40.0%_po_30.0%_2.txt', 27, 27, 0.008000612258911133, 0.019000768661499023
'TestCinemas/Random/150\\random_nrc_10_15_pe_40.0%_po_30.0%_3.txt', 26, 26, 0.007999897003173828, 0.010998010635375977
'TestCinemas/Random/150\\random_nrc_10_15_pe_40.0%_po_30.0%_4.txt', 30, 30, 0.008999347686767578, 0.0240018367767334
'TestCinemas/Random/150\\random_nrc_10_15_pe_40.0%_po_30.0%_5.txt', 28, 28, 0.010000467300415039, 0.017000436782836914
'TestCinemas/Random/150\\random_nrc_10_15_pe_40.0%_po_50.0%_1.txt', 32, 32, 0.00900125503540039, 0.013998985290527344
'TestCinemas/Random/150\\random_nrc_10_15_pe_40.0%_po_50.0%_2.txt', 36, 36, 0.012003183364868164, 0.01899576187133789
'TestCinemas/Random/150\\random_nrc_10_15_pe_40.0%_po_50.0%_3.txt', 35, 35, 0.00900125503540039, 0.014001607894897461
'TestCinemas/Random/150\\random_nrc_10_15_pe_40.0%_po_50.0%_4.txt', 41, 40, 0.013002872467041016, 0.034996747970581055
'TestCinemas/Random/150\\random_nrc_10_15_pe_40.0%_po_50.0%_5.txt', 38, 38, 0.0110015869140625, 0.11899900436401367
'TestCinemas/Random/150\\random_nrc_10_15_pe_40.0%_po_70.0%_1.txt', 45, 47, 0.012000322341918945, 0.14300036430358887
'TestCinemas/Random/150\\random_nrc_10_15_pe_40.0%_po_70.0%_2.txt', 36, 38, 0.017001628875732422, 0.025999784469604492
'TestCinemas/Random/150\\random_nrc_10_15_pe_40.0%_po_70.0%_3.txt', 37, 37, 0.015999794006347656, 0.02200031280517578
'TestCinemas/Random/150\\random_nrc_10_15_pe_40.0%_po_70.0%_4.txt', 41, 45, 0.009999752044677734, 0.11899995803833008
'TestCinemas/Random/150\\random_nrc_10_15_pe_40.0%_po_70.0%_5.txt', 41, 45, 0.012000799179077148, 0.028998613357543945
'TestCinemas/Random/150\\random_nrc_10_15_pe_40.0%_po_90.0%_1.txt', 42, 45, 0.01700115203857422, 0.046002864837646484
'TestCinemas/Random/150\\random_nrc_10_15_pe_40.0%_po_90.0%_2.txt', 47, 48, 0.021001815795898438, 0.042998552322387695
'TestCinemas/Random/150\\random_nrc_10_15_pe_40.0%_po_90.0%_3.txt', 37, 37, 0.012001991271972656, 0.023998260498046875
'TestCinemas/Random/150\\random_nrc_10_15_pe_40.0%_po_90.0%_4.txt', 40, 40, 0.017998933792114258, 0.03099822998046875
'TestCinemas/Random/150\\random_nrc_10_15_pe_40.0%_po_90.0%_5.txt', 42, 44, 0.014002323150634766, 0.037000417709350586
'TestCinemas/Random/150\\random_nrc_10_15_pe_60.0%_po_30.0%_1.txt', 15, 15, 0.0029990673065185547, 0.004999637603759766
'TestCinemas/Random/150\\random_nrc_10_15_pe_60.0%_po_30.0%_2.txt', 17, 17, 0.004002571105957031, 0.007000446319580078
'TestCinemas/Random/150\\random_nrc_10_15_pe_60.0%_po_30.0%_3.txt', 16, 16, 0.0030028820037841797, 0.004998207092285156
'TestCinemas/Random/150\\random_nrc_10_15_pe_60.0%_po_30.0%_4.txt', 17, 17, 0.003997325897216797, 0.008001565933227539
'TestCinemas/Random/150\\random_nrc_10_15_pe_60.0%_po_30.0%_5.txt', 18, 18, 0.0029985904693603516, 0.015012264251708984
'TestCinemas/Random/150\\random_nrc_10_15_pe_60.0%_po_50.0%_1.txt', 26, 30, 0.005999088287353516, 0.01599860191345215
'TestCinemas/Random/150\\random_nrc_10_15_pe_60.0%_po_50.0%_2.txt', 22, 22, 0.003999233245849609, 0.007001161575317383
'TestCinemas/Random/150\\random_nrc_10_15_pe_60.0%_po_50.0%_3.txt', 29, 29, 0.004998445510864258, 0.009002685546875
'TestCinemas/Random/150\\random_nrc_10_15_pe_60.0%_po_50.0%_4.txt', 27, 33, 0.006998300552368164, 0.01600193977355957
'TestCinemas/Random/150\\random_nrc_10_15_pe_60.0%_po_50.0%_5.txt', 34, 32, 0.006996870040893555, 0.011001825332641602
'TestCinemas/Random/150\\random_nrc_10_15_pe_60.0%_po_70.0%_1.txt', 28, 28, 0.010996103286743164, 0.011000633239746094
'TestCinemas/Random/150\\random_nrc_10_15_pe_60.0%_po_70.0%_2.txt', 34, 34, 0.008000612258911133, 0.012001514434814453
'TestCinemas/Random/150\\random_nrc_10_15_pe_60.0%_po_70.0%_3.txt', 29, 27, 0.007997989654541016, 0.014003753662109375
'TestCinemas/Random/150\\random_nrc_10_15_pe_60.0%_po_70.0%_4.txt', 24, 24, 0.007001161575317383, 0.010002851486206055
'TestCinemas/Random/150\\random_nrc_10_15_pe_60.0%_po_70.0%_5.txt', 29, 29, 0.009002208709716797, 0.010997772216796875
'TestCinemas/Random/150\\random_nrc_10_15_pe_60.0%_po_90.0%_1.txt', 26, 25, 0.007999181747436523, 0.013000965118408203
'TestCinemas/Random/150\\random_nrc_10_15_pe_60.0%_po_90.0%_2.txt', 30, 30, 0.008999347686767578, 0.013000726699829102
'TestCinemas/Random/150\\random_nrc_10_15_pe_60.0%_po_90.0%_3.txt', 22, 24, 0.007997274398803711, 0.023000478744506836
'TestCinemas/Random/150\\random_nrc_10_15_pe_60.0%_po_90.0%_4.txt', 13, 13, 0.0060007572174072266, 0.008999109268188477
'TestCinemas/Random/150\\random_nrc_10_15_pe_60.0%_po_90.0%_5.txt', 33, 33, 0.009994983673095703, 0.013001441955566406
'TestCinemas/Random/150\\random_nrc_10_15_pe_80.0%_po_30.0%_1.txt', 8, 8, 0.001001119613647461, 0.002001523971557617
'TestCinemas/Random/150\\random_nrc_10_15_pe_80.0%_po_30.0%_2.txt', 8, 8, 0.0009999275207519531, 0.002001047134399414
'TestCinemas/Random/150\\random_nrc_10_15_pe_80.0%_po_30.0%_3.txt', 6, 6, 0.0020003318786621094, 0.001996278762817383
'TestCinemas/Random/150\\random_nrc_10_15_pe_80.0%_po_30.0%_4.txt', 6, 6, 0.0010023117065429688, 0.0010018348693847656
'TestCinemas/Random/150\\random_nrc_10_15_pe_80.0%_po_30.0%_5.txt', 10, 10, 0.0010001659393310547, 0.0030028820037841797
'TestCinemas/Random/150\\random_nrc_10_15_pe_80.0%_po_50.0%_1.txt', 4, 4, 0.0010023117065429688, 0.002997875213623047
'TestCinemas/Random/150\\random_nrc_10_15_pe_80.0%_po_50.0%_2.txt', 7, 7, 0.0010006427764892578, 0.0030028820037841797
'TestCinemas/Random/150\\random_nrc_10_15_pe_80.0%_po_50.0%_3.txt', 13, 13, 0.0030002593994140625, 0.003998756408691406
'TestCinemas/Random/150\\random_nrc_10_15_pe_80.0%_po_50.0%_4.txt', 11, 11, 0.001999378204345703, 0.002998828887939453
'TestCinemas/Random/150\\random_nrc_10_15_pe_80.0%_po_50.0%_5.txt', 6, 6, 0.0009984970092773438, 0.0009989738464355469
'TestCinemas/Random/150\\random_nrc_10_15_pe_80.0%_po_70.0%_1.txt', 13, 13, 0.0039997100830078125, 0.006001472473144531
'TestCinemas/Random/150\\random_nrc_10_15_pe_80.0%_po_70.0%_2.txt', 8, 8, 0.0030007362365722656, 0.004000186920166016
'TestCinemas/Random/150\\random_nrc_10_15_pe_80.0%_po_70.0%_3.txt', 10, 10, 0.0029990673065185547, 0.003999471664428711
'TestCinemas/Random/150\\random_nrc_10_15_pe_80.0%_po_70.0%_4.txt', 10, 10, 0.0010001659393310547, 0.0019996166229248047
'TestCinemas/Random/150\\random_nrc_10_15_pe_80.0%_po_70.0%_5.txt', 8, 8, 0.002000093460083008, 0.003000497817993164
'TestCinemas/Random/150\\random_nrc_10_15_pe_80.0%_po_90.0%_1.txt', 12, 12, 0.0029973983764648438, 0.0050008296966552734
'TestCinemas/Random/150\\random_nrc_10_15_pe_80.0%_po_90.0%_2.txt', 8, 8, 0.0029985904693603516, 0.00500178337097168
'TestCinemas/Random/150\\random_nrc_10_15_pe_80.0%_po_90.0%_3.txt', 8, 8, 0.003001689910888672, 0.0049991607666015625
'TestCinemas/Random/150\\random_nrc_10_15_pe_80.0%_po_90.0%_4.txt', 5, 5, 0.005001544952392578, 0.005999088287353516
'TestCinemas/Random/150\\random_nrc_10_15_pe_80.0%_po_90.0%_5.txt', 12, 12, 0.003002643585205078, 0.004998922348022461
