'TestCinemas/Random/1000\\random_nrc_40_25_pe_0%_po_30.0%_1.txt', 293, 293, 1.0893008708953857, 10.07410454750061
'TestCinemas/Random/1000\\random_nrc_40_25_pe_0%_po_30.0%_2.txt', 290, 297, 1.1107769012451172, 7.250218391418457
'TestCinemas/Random/1000\\random_nrc_40_25_pe_0%_po_30.0%_3.txt', 299, 297, 1.1085352897644043, 9.246357202529907
'TestCinemas/Random/1000\\random_nrc_40_25_pe_0%_po_30.0%_4.txt', 300, 299, 1.1185858249664307, 7.1317009925842285
'TestCinemas/Random/1000\\random_nrc_40_25_pe_0%_po_30.0%_5.txt', 290, 290, 1.1160693168640137, 7.1895341873168945
'TestCinemas/Random/1000\\random_nrc_40_25_pe_0%_po_50.0%_1.txt', 326, 321, 1.3896784782409668, 13.85161542892456
'TestCinemas/Random/1000\\random_nrc_40_25_pe_0%_po_50.0%_2.txt', 324, 323, 1.3937623500823975, 10.960206747055054
'TestCinemas/Random/1000\\random_nrc_40_25_pe_0%_po_50.0%_3.txt', 332, 320, 1.382439374923706, 11.726077556610107
'TestCinemas/Random/1000\\random_nrc_40_25_pe_0%_po_50.0%_4.txt', 321, 323, 1.3750014305114746, 11.121999979019165
'TestCinemas/Random/1000\\random_nrc_40_25_pe_0%_po_50.0%_5.txt', 321, 315, 1.3999998569488525, 7.968999624252319
'TestCinemas/Random/1000\\random_nrc_40_25_pe_0%_po_70.0%_1.txt', 342, 339, 1.590989589691162, 12.23799729347229
'TestCinemas/Random/1000\\random_nrc_40_25_pe_0%_po_70.0%_2.txt', 348, 346, 1.5850095748901367, 12.685989141464233
'TestCinemas/Random/1000\\random_nrc_40_25_pe_0%_po_70.0%_3.txt', 337, 336, 1.6509983539581299, 11.964192152023315
'TestCinemas/Random/1000\\random_nrc_40_25_pe_0%_po_70.0%_4.txt', 338, 338, 1.6070210933685303, 11.54055380821228
'TestCinemas/Random/1000\\random_nrc_40_25_pe_0%_po_70.0%_5.txt', 328, 326, 1.6030018329620361, 8.429638147354126
'TestCinemas/Random/1000\\random_nrc_40_25_pe_0%_po_90.0%_1.txt', 360, 359, 1.8083500862121582, 18.324232578277588
'TestCinemas/Random/1000\\random_nrc_40_25_pe_0%_po_90.0%_2.txt', 355, 353, 1.8602674007415771, 15.381362915039062
'TestCinemas/Random/1000\\random_nrc_40_25_pe_0%_po_90.0%_3.txt', 356, 354, 1.8860013484954834, 15.103999853134155
'TestCinemas/Random/1000\\random_nrc_40_25_pe_0%_po_90.0%_4.txt', 346, 346, 1.8614611625671387, 13.451411008834839
'TestCinemas/Random/1000\\random_nrc_40_25_pe_0%_po_90.0%_5.txt', 334, 336, 1.849729299545288, 11.540217399597168
'TestCinemas/Random/1000\\random_nrc_40_25_pe_20.0%_po_30.0%_1.txt', 235, 235, 0.594590425491333, 1.510683536529541
'TestCinemas/Random/1000\\random_nrc_40_25_pe_20.0%_po_30.0%_2.txt', 242, 242, 0.6121301651000977, 6.743297815322876
'TestCinemas/Random/1000\\random_nrc_40_25_pe_20.0%_po_30.0%_3.txt', 232, 232, 0.5955274105072021, 3.3318190574645996
'TestCinemas/Random/1000\\random_nrc_40_25_pe_20.0%_po_30.0%_4.txt', 239, 239, 0.6450002193450928, 2.3949997425079346
'TestCinemas/Random/1000\\random_nrc_40_25_pe_20.0%_po_30.0%_5.txt', 240, 240, 0.6239995956420898, 3.007988452911377
'TestCinemas/Random/1000\\random_nrc_40_25_pe_20.0%_po_50.0%_1.txt', 278, 285, 0.7510004043579102, 4.4906229972839355
'TestCinemas/Random/1000\\random_nrc_40_25_pe_20.0%_po_50.0%_2.txt', 276, 276, 0.8313815593719482, 3.989245653152466
'TestCinemas/Random/1000\\random_nrc_40_25_pe_20.0%_po_50.0%_3.txt', 271, 276, 0.7721102237701416, 5.9080119132995605
'TestCinemas/Random/1000\\random_nrc_40_25_pe_20.0%_po_50.0%_4.txt', 287, 276, 0.867058515548706, 3.6902990341186523
'TestCinemas/Random/1000\\random_nrc_40_25_pe_20.0%_po_50.0%_5.txt', 291, 296, 0.7890493869781494, 3.8480541706085205
'TestCinemas/Random/1000\\random_nrc_40_25_pe_20.0%_po_70.0%_1.txt', 296, 298, 0.9070100784301758, 6.236093044281006
'TestCinemas/Random/1000\\random_nrc_40_25_pe_20.0%_po_70.0%_2.txt', 294, 304, 0.890998125076294, 9.293213844299316
'TestCinemas/Random/1000\\random_nrc_40_25_pe_20.0%_po_70.0%_3.txt', 289, 294, 0.9130001068115234, 9.04959511756897
'TestCinemas/Random/1000\\random_nrc_40_25_pe_20.0%_po_70.0%_4.txt', 295, 297, 0.9840126037597656, 3.364069700241089
'TestCinemas/Random/1000\\random_nrc_40_25_pe_20.0%_po_70.0%_5.txt', 300, 306, 0.9210126399993896, 9.777989387512207
'TestCinemas/Random/1000\\random_nrc_40_25_pe_20.0%_po_90.0%_1.txt', 308, 316, 0.9570586681365967, 5.9760730266571045
'TestCinemas/Random/1000\\random_nrc_40_25_pe_20.0%_po_90.0%_2.txt', 314, 321, 0.890988826751709, 12.128926992416382
'TestCinemas/Random/1000\\random_nrc_40_25_pe_20.0%_po_90.0%_3.txt', 311, 318, 0.9140133857727051, 7.571987867355347
'TestCinemas/Random/1000\\random_nrc_40_25_pe_20.0%_po_90.0%_4.txt', 320, 323, 1.0080397129058838, 10.218935489654541
'TestCinemas/Random/1000\\random_nrc_40_25_pe_20.0%_po_90.0%_5.txt', 315, 315, 1.088998556137085, 9.095425605773926
'TestCinemas/Random/1000\\random_nrc_40_25_pe_40.0%_po_30.0%_1.txt', 178, 178, 0.3370039463043213, 0.8050088882446289
'TestCinemas/Random/1000\\random_nrc_40_25_pe_40.0%_po_30.0%_2.txt', 184, 184, 0.3559868335723877, 1.4310004711151123
'TestCinemas/Random/1000\\random_nrc_40_25_pe_40.0%_po_30.0%_3.txt', 184, 184, 0.3550102710723877, 2.2470862865448
'TestCinemas/Random/1000\\random_nrc_40_25_pe_40.0%_po_30.0%_4.txt', 180, 180, 0.37600183486938477, 0.7270028591156006
'TestCinemas/Random/1000\\random_nrc_40_25_pe_40.0%_po_30.0%_5.txt', 179, 179, 0.3640129566192627, 1.4639997482299805
'TestCinemas/Random/1000\\random_nrc_40_25_pe_40.0%_po_50.0%_1.txt', 230, 230, 0.4569993019104004, 0.7835743427276611
'TestCinemas/Random/1000\\random_nrc_40_25_pe_40.0%_po_50.0%_2.txt', 239, 252, 0.44099998474121094, 2.91898775100708
'TestCinemas/Random/1000\\random_nrc_40_25_pe_40.0%_po_50.0%_3.txt', 243, 248, 0.42499804496765137, 1.7210001945495605
'TestCinemas/Random/1000\\random_nrc_40_25_pe_40.0%_po_50.0%_4.txt', 260, 268, 0.44499993324279785, 4.2461183071136475
'TestCinemas/Random/1000\\random_nrc_40_25_pe_40.0%_po_50.0%_5.txt', 241, 246, 0.4589874744415283, 0.9510002136230469
'TestCinemas/Random/1000\\random_nrc_40_25_pe_40.0%_po_70.0%_1.txt', 267, 265, 0.4560122489929199, 4.005987644195557
'TestCinemas/Random/1000\\random_nrc_40_25_pe_40.0%_po_70.0%_2.txt', 253, 248, 0.5469999313354492, 2.9194867610931396
'TestCinemas/Random/1000\\random_nrc_40_25_pe_40.0%_po_70.0%_3.txt', 245, 256, 0.491976261138916, 4.596376180648804
'TestCinemas/Random/1000\\random_nrc_40_25_pe_40.0%_po_70.0%_4.txt', 255, 263, 0.4859902858734131, 3.860997438430786
'TestCinemas/Random/1000\\random_nrc_40_25_pe_40.0%_po_70.0%_5.txt', 246, 246, 0.5210018157958984, 2.6929984092712402
'TestCinemas/Random/1000\\random_nrc_40_25_pe_40.0%_po_90.0%_1.txt', 248, 266, 0.5939984321594238, 4.7180495262146
'TestCinemas/Random/1000\\random_nrc_40_25_pe_40.0%_po_90.0%_2.txt', 254, 278, 0.5530028343200684, 5.591631174087524
'TestCinemas/Random/1000\\random_nrc_40_25_pe_40.0%_po_90.0%_3.txt', 261, 278, 0.582000732421875, 4.704923868179321
'TestCinemas/Random/1000\\random_nrc_40_25_pe_40.0%_po_90.0%_4.txt', 256, 261, 0.655987024307251, 2.6940126419067383
'TestCinemas/Random/1000\\random_nrc_40_25_pe_40.0%_po_90.0%_5.txt', 242, 276, 0.5619997978210449, 4.182001352310181
'TestCinemas/Random/1000\\random_nrc_40_25_pe_60.0%_po_30.0%_1.txt', 124, 124, 0.16201210021972656, 0.6499876976013184
'TestCinemas/Random/1000\\random_nrc_40_25_pe_60.0%_po_30.0%_2.txt', 116, 116, 0.16500115394592285, 0.2689988613128662
'TestCinemas/Random/1000\\random_nrc_40_25_pe_60.0%_po_30.0%_3.txt', 118, 118, 0.15400028228759766, 0.3659999370574951
'TestCinemas/Random/1000\\random_nrc_40_25_pe_60.0%_po_30.0%_4.txt', 132, 132, 0.19099831581115723, 1.118999719619751
'TestCinemas/Random/1000\\random_nrc_40_25_pe_60.0%_po_30.0%_5.txt', 120, 120, 0.1509993076324463, 0.6170005798339844
'TestCinemas/Random/1000\\random_nrc_40_25_pe_60.0%_po_50.0%_1.txt', 188, 190, 0.257000207901001, 0.5269997119903564
'TestCinemas/Random/1000\\random_nrc_40_25_pe_60.0%_po_50.0%_2.txt', 164, 168, 0.2009563446044922, 0.34702014923095703
'TestCinemas/Random/1000\\random_nrc_40_25_pe_60.0%_po_50.0%_3.txt', 169, 169, 0.2310023307800293, 0.36099815368652344
'TestCinemas/Random/1000\\random_nrc_40_25_pe_60.0%_po_50.0%_4.txt', 176, 176, 0.21961569786071777, 0.437000036239624
'TestCinemas/Random/1000\\random_nrc_40_25_pe_60.0%_po_50.0%_5.txt', 166, 178, 0.2369999885559082, 1.5339024066925049
'TestCinemas/Random/1000\\random_nrc_40_25_pe_60.0%_po_70.0%_1.txt', 200, 200, 0.29199838638305664, 0.526989221572876
'TestCinemas/Random/1000\\random_nrc_40_25_pe_60.0%_po_70.0%_2.txt', 179, 182, 0.2630000114440918, 0.5630595684051514
'TestCinemas/Random/1000\\random_nrc_40_25_pe_60.0%_po_70.0%_3.txt', 193, 191, 0.27401018142700195, 0.5739874839782715
'TestCinemas/Random/1000\\random_nrc_40_25_pe_60.0%_po_70.0%_4.txt', 189, 197, 0.30098724365234375, 0.9810004234313965
'TestCinemas/Random/1000\\random_nrc_40_25_pe_60.0%_po_70.0%_5.txt', 190, 188, 0.27251601219177246, 0.7800564765930176
'TestCinemas/Random/1000\\random_nrc_40_25_pe_60.0%_po_90.0%_1.txt', 187, 191, 0.3359987735748291, 0.7040004730224609
'TestCinemas/Random/1000\\random_nrc_40_25_pe_60.0%_po_90.0%_2.txt', 204, 202, 0.34204649925231934, 0.6745598316192627
'TestCinemas/Random/1000\\random_nrc_40_25_pe_60.0%_po_90.0%_3.txt', 190, 199, 0.34706878662109375, 1.516848087310791
'TestCinemas/Random/1000\\random_nrc_40_25_pe_60.0%_po_90.0%_4.txt', 193, 199, 0.3485534191131592, 1.8722789287567139
'TestCinemas/Random/1000\\random_nrc_40_25_pe_60.0%_po_90.0%_5.txt', 175, 187, 0.31908512115478516, 1.1618800163269043
'TestCinemas/Random/1000\\random_nrc_40_25_pe_80.0%_po_30.0%_1.txt', 60, 60, 0.04699969291687012, 0.0690155029296875
'TestCinemas/Random/1000\\random_nrc_40_25_pe_80.0%_po_30.0%_2.txt', 67, 67, 0.0630033016204834, 0.09500789642333984
'TestCinemas/Random/1000\\random_nrc_40_25_pe_80.0%_po_30.0%_3.txt', 65, 65, 0.056000471115112305, 0.08998823165893555
'TestCinemas/Random/1000\\random_nrc_40_25_pe_80.0%_po_30.0%_4.txt', 54, 54, 0.04601144790649414, 0.06601071357727051
'TestCinemas/Random/1000\\random_nrc_40_25_pe_80.0%_po_30.0%_5.txt', 61, 61, 0.05405783653259277, 0.08406972885131836
'TestCinemas/Random/1000\\random_nrc_40_25_pe_80.0%_po_50.0%_1.txt', 80, 80, 0.08507251739501953, 0.12452101707458496
'TestCinemas/Random/1000\\random_nrc_40_25_pe_80.0%_po_50.0%_2.txt', 51, 51, 0.06200051307678223, 0.08800172805786133
'TestCinemas/Random/1000\\random_nrc_40_25_pe_80.0%_po_50.0%_3.txt', 81, 81, 0.09100008010864258, 0.13300251960754395
'TestCinemas/Random/1000\\random_nrc_40_25_pe_80.0%_po_50.0%_4.txt', 76, 76, 0.0729990005493164, 0.10399436950683594
'TestCinemas/Random/1000\\random_nrc_40_25_pe_80.0%_po_50.0%_5.txt', 60, 62, 0.07863521575927734, 0.14388680458068848
'TestCinemas/Random/1000\\random_nrc_40_25_pe_80.0%_po_70.0%_1.txt', 73, 75, 0.10300040245056152, 0.15802764892578125
'TestCinemas/Random/1000\\random_nrc_40_25_pe_80.0%_po_70.0%_2.txt', 67, 67, 0.10300135612487793, 0.16199970245361328
'TestCinemas/Random/1000\\random_nrc_40_25_pe_80.0%_po_70.0%_3.txt', 69, 71, 0.10406017303466797, 0.1699995994567871
'TestCinemas/Random/1000\\random_nrc_40_25_pe_80.0%_po_70.0%_4.txt', 77, 77, 0.11500024795532227, 0.1640176773071289
'TestCinemas/Random/1000\\random_nrc_40_25_pe_80.0%_po_70.0%_5.txt', 69, 71, 0.10299992561340332, 0.14702868461608887
'TestCinemas/Random/1000\\random_nrc_40_25_pe_80.0%_po_90.0%_1.txt', 86, 88, 0.14700055122375488, 0.23264575004577637
'TestCinemas/Random/1000\\random_nrc_40_25_pe_80.0%_po_90.0%_2.txt', 75, 77, 0.11700177192687988, 0.17799997329711914
'TestCinemas/Random/1000\\random_nrc_40_25_pe_80.0%_po_90.0%_3.txt', 95, 97, 0.1490492820739746, 0.22500824928283691
'TestCinemas/Random/1000\\random_nrc_40_25_pe_80.0%_po_90.0%_4.txt', 73, 73, 0.13950872421264648, 0.20453262329101562
'TestCinemas/Random/1000\\random_nrc_40_25_pe_80.0%_po_90.0%_5.txt', 73, 73, 0.13901233673095703, 0.1981508731842041
