['TestCinemas/Real/Arena_2\\0.3.txt', 38, 38, 0.015995025634765625, 0.22391080856323242, array([[2, 2, 2, 2, 2, 2, 2, 2, 1, 1, 2, 2, 2, 2],
       [1, 1, 1, 1, 1, 1, 1, 1, 1, 1, 1, 1, 1, 1],
       [2, 2, 2, 1, 1, 2, 1, 1, 2, 1, 1, 2, 2, 2],
       [1, 1, 1, 1, 1, 1, 1, 1, 1, 1, 1, 1, 1, 1],
       [2, 2, 1, 1, 2, 1, 1, 2, 1, 1, 1, 1, 2, 2],
       [0, 1, 1, 1, 1, 1, 1, 1, 1, 1, 1, 1, 1, 1],
       [0, 0, 0, 1, 1, 1, 1, 1, 1, 1, 1, 2, 2, 0],
       [0, 0, 0, 1, 1, 1, 1, 1, 1, 1, 1, 1, 1, 0],
       [0, 0, 0, 1, 1, 1, 1, 1, 1, 1, 1, 1, 1, 0],
       [0, 2, 2, 2, 2, 2, 1, 1, 1, 2, 2, 2, 2, 2]]), array([[2, 2, 2, 2, 2, 2, 2, 2, 1, 1, 1, 2, 2, 2],
       [1, 1, 1, 1, 1, 1, 1, 1, 1, 2, 1, 1, 2, 2],
       [2, 2, 2, 1, 1, 2, 1, 1, 1, 1, 1, 1, 1, 1],
       [1, 1, 1, 1, 1, 1, 1, 2, 1, 1, 1, 2, 2, 2],
       [2, 2, 1, 1, 2, 1, 1, 1, 1, 1, 1, 1, 1, 1],
       [0, 1, 1, 1, 1, 1, 1, 1, 1, 1, 1, 1, 2, 2],
       [0, 0, 0, 1, 1, 1, 1, 1, 1, 1, 1, 1, 1, 0],
       [0, 0, 0, 1, 1, 1, 1, 1, 1, 1, 1, 2, 2, 0],
       [0, 0, 0, 1, 1, 1, 1, 1, 1, 1, 1, 1, 1, 0],
       [0, 2, 2, 2, 2, 1, 1, 1, 1, 2, 2, 2, 2, 2]])]
['TestCinemas/Real/Arena_2\\0.5.txt', 43, 43, 0.020999670028686523, 0.21800017356872559, array([[2, 2, 2, 2, 2, 2, 2, 2, 1, 1, 2, 2, 2, 2],
       [1, 1, 1, 1, 1, 1, 1, 1, 1, 1, 1, 1, 1, 1],
       [2, 2, 1, 1, 2, 2, 1, 1, 2, 2, 1, 1, 2, 2],
       [1, 1, 1, 1, 1, 1, 1, 1, 1, 1, 1, 1, 1, 1],
       [2, 2, 1, 1, 2, 2, 1, 1, 2, 2, 1, 1, 2, 2],
       [0, 1, 1, 1, 1, 1, 1, 1, 1, 1, 1, 1, 1, 1],
       [0, 0, 0, 2, 2, 1, 1, 2, 2, 1, 1, 2, 2, 0],
       [0, 0, 0, 1, 1, 1, 1, 1, 1, 1, 1, 1, 1, 0],
       [0, 0, 0, 1, 1, 1, 1, 1, 2, 1, 1, 1, 1, 0],
       [0, 2, 2, 1, 1, 2, 2, 1, 1, 1, 2, 2, 2, 2]]), array([[2, 2, 2, 2, 2, 2, 2, 2, 1, 1, 2, 2, 2, 2],
       [1, 1, 1, 1, 1, 1, 1, 1, 1, 1, 1, 1, 1, 1],
       [2, 2, 1, 1, 2, 2, 1, 1, 2, 2, 1, 1, 2, 2],
       [1, 1, 1, 1, 1, 1, 1, 1, 1, 1, 1, 1, 1, 1],
       [2, 2, 1, 1, 2, 2, 1, 1, 2, 2, 1, 1, 2, 2],
       [0, 1, 1, 1, 1, 1, 1, 1, 1, 1, 1, 1, 1, 1],
       [0, 0, 0, 2, 2, 1, 1, 2, 2, 1, 1, 2, 2, 0],
       [0, 0, 0, 1, 1, 1, 1, 1, 1, 1, 1, 1, 1, 0],
       [0, 0, 0, 1, 1, 1, 1, 1, 2, 1, 1, 1, 1, 0],
       [0, 2, 2, 1, 1, 2, 2, 1, 1, 1, 2, 2, 2, 2]])]
['TestCinemas/Real/Arena_2\\0.7.txt', 50, 52, 0.02400040626525879, 0.5020039081573486, array([[2, 2, 2, 2, 2, 2, 2, 2, 1, 1, 2, 2, 2, 2],
       [1, 1, 1, 1, 1, 1, 1, 1, 1, 1, 1, 1, 1, 1],
       [2, 2, 2, 2, 2, 2, 2, 2, 1, 1, 1, 2, 2, 2],
       [1, 1, 1, 1, 1, 1, 1, 1, 1, 2, 1, 1, 1, 1],
       [2, 2, 2, 1, 1, 2, 2, 1, 1, 1, 1, 1, 2, 2],
       [0, 1, 1, 1, 1, 1, 1, 1, 2, 2, 1, 1, 1, 1],
       [0, 0, 0, 2, 2, 1, 1, 1, 1, 1, 1, 2, 2, 0],
       [0, 0, 0, 1, 1, 1, 2, 2, 1, 1, 1, 1, 1, 0],
       [0, 0, 0, 1, 1, 1, 1, 1, 1, 1, 1, 1, 1, 0],
       [0, 2, 2, 2, 1, 1, 2, 2, 2, 2, 2, 2, 2, 2]]), array([[2, 2, 2, 2, 2, 2, 2, 2, 1, 1, 2, 2, 2, 2],
       [1, 1, 1, 1, 1, 1, 1, 1, 1, 1, 1, 1, 2, 2],
       [2, 2, 1, 1, 2, 2, 1, 1, 2, 2, 1, 1, 2, 2],
       [2, 2, 1, 1, 1, 1, 1, 1, 1, 1, 1, 1, 1, 1],
       [1, 1, 1, 1, 1, 2, 2, 1, 1, 1, 1, 2, 2, 2],
       [0, 2, 2, 2, 1, 1, 1, 1, 2, 2, 1, 1, 1, 1],
       [0, 0, 0, 1, 1, 2, 2, 1, 1, 1, 1, 2, 2, 0],
       [0, 0, 0, 2, 1, 1, 1, 1, 2, 2, 1, 1, 1, 0],
       [0, 0, 0, 1, 1, 1, 1, 1, 1, 1, 1, 1, 1, 0],
       [0, 2, 2, 2, 1, 1, 2, 2, 2, 2, 2, 2, 2, 2]])]
['TestCinemas/Real/Arena_2\\0.9.txt', 48, 49, 0.02800130844116211, 0.24499917030334473, array([[2, 2, 2, 2, 2, 2, 2, 2, 1, 1, 2, 2, 2, 2],
       [1, 1, 1, 1, 1, 1, 1, 1, 1, 1, 1, 1, 1, 1],
       [2, 2, 2, 1, 1, 2, 2, 1, 1, 1, 1, 2, 2, 2],
       [1, 1, 1, 1, 1, 1, 1, 1, 2, 2, 1, 1, 1, 1],
       [2, 2, 2, 1, 1, 2, 2, 1, 1, 1, 1, 2, 2, 2],
       [0, 1, 1, 1, 1, 1, 1, 1, 2, 1, 1, 1, 1, 1],
       [0, 0, 0, 2, 2, 1, 1, 1, 1, 1, 2, 2, 2, 0],
       [0, 0, 0, 1, 1, 1, 2, 2, 1, 1, 1, 1, 1, 0],
       [0, 0, 0, 1, 1, 1, 1, 1, 1, 1, 1, 1, 1, 0],
       [0, 2, 2, 2, 2, 2, 1, 1, 1, 2, 2, 2, 2, 2]]), array([[2, 2, 2, 2, 2, 2, 2, 2, 1, 1, 1, 2, 2, 2],
       [1, 1, 1, 1, 1, 1, 1, 1, 1, 2, 1, 1, 2, 2],
       [2, 2, 2, 1, 1, 2, 2, 1, 1, 1, 1, 1, 1, 1],
       [1, 1, 1, 1, 1, 1, 1, 1, 2, 1, 1, 2, 2, 2],
       [2, 2, 2, 1, 1, 2, 2, 1, 1, 1, 1, 1, 1, 1],
       [0, 1, 1, 1, 1, 1, 1, 1, 1, 1, 1, 2, 2, 2],
       [0, 0, 0, 2, 2, 1, 1, 2, 2, 1, 1, 1, 1, 0],
       [0, 0, 0, 1, 1, 1, 1, 1, 1, 1, 2, 2, 2, 0],
       [0, 0, 0, 1, 1, 1, 2, 2, 1, 1, 1, 1, 1, 0],
       [0, 2, 2, 2, 2, 1, 1, 1, 1, 2, 2, 2, 2, 2]])]
