'TestCinemas/Random/300\\random_nrc_30_10_pe_0%_po_30.0%_1.txt', 89, 89, 0.09900093078613281, 0.20293283462524414
'TestCinemas/Random/300\\random_nrc_30_10_pe_0%_po_30.0%_2.txt', 83, 83, 0.10300302505493164, 0.16989922523498535
'TestCinemas/Random/300\\random_nrc_30_10_pe_0%_po_30.0%_3.txt', 88, 88, 0.10200023651123047, 0.6509993076324463
'TestCinemas/Random/300\\random_nrc_30_10_pe_0%_po_30.0%_4.txt', 87, 87, 0.09999823570251465, 0.1849980354309082
'TestCinemas/Random/300\\random_nrc_30_10_pe_0%_po_30.0%_5.txt', 88, 88, 0.0989987850189209, 0.21800017356872559
'TestCinemas/Random/300\\random_nrc_30_10_pe_0%_po_50.0%_1.txt', 95, 95, 0.12700223922729492, 1.1830341815948486
'TestCinemas/Random/300\\random_nrc_30_10_pe_0%_po_50.0%_2.txt', 102, 104, 0.12600016593933105, 1.6830003261566162
'TestCinemas/Random/300\\random_nrc_30_10_pe_0%_po_50.0%_3.txt', 96, 96, 0.12700200080871582, 0.6619980335235596
'TestCinemas/Random/300\\random_nrc_30_10_pe_0%_po_50.0%_4.txt', 100, 102, 0.12900280952453613, 1.5926976203918457
'TestCinemas/Random/300\\random_nrc_30_10_pe_0%_po_50.0%_5.txt', 105, 107, 0.1309967041015625, 1.70503830909729
'TestCinemas/Random/300\\random_nrc_30_10_pe_0%_po_70.0%_1.txt', 104, 104, 0.153001070022583, 0.8800005912780762
'TestCinemas/Random/300\\random_nrc_30_10_pe_0%_po_70.0%_2.txt', 104, 105, 0.15200114250183105, 1.273003101348877
'TestCinemas/Random/300\\random_nrc_30_10_pe_0%_po_70.0%_3.txt', 102, 104, 0.15199875831604004, 1.302002191543579
'TestCinemas/Random/300\\random_nrc_30_10_pe_0%_po_70.0%_4.txt', 94, 94, 0.149000883102417, 0.28499794006347656
'TestCinemas/Random/300\\random_nrc_30_10_pe_0%_po_70.0%_5.txt', 101, 102, 0.14899945259094238, 0.30699706077575684
'TestCinemas/Random/300\\random_nrc_30_10_pe_0%_po_90.0%_1.txt', 112, 113, 0.16290712356567383, 2.1358323097229004
'TestCinemas/Random/300\\random_nrc_30_10_pe_0%_po_90.0%_2.txt', 103, 104, 0.1719987392425537, 1.656999111175537
'TestCinemas/Random/300\\random_nrc_30_10_pe_0%_po_90.0%_3.txt', 102, 102, 0.1770007610321045, 0.9080040454864502
'TestCinemas/Random/300\\random_nrc_30_10_pe_0%_po_90.0%_4.txt', 99, 101, 0.17799949645996094, 0.3470025062561035
'TestCinemas/Random/300\\random_nrc_30_10_pe_0%_po_90.0%_5.txt', 106, 105, 0.17699837684631348, 1.711000680923462
'TestCinemas/Random/300\\random_nrc_30_10_pe_20.0%_po_30.0%_1.txt', 76, 76, 0.057001590728759766, 1.1110038757324219
'TestCinemas/Random/300\\random_nrc_30_10_pe_20.0%_po_30.0%_2.txt', 74, 74, 0.0650014877319336, 0.0989987850189209
'TestCinemas/Random/300\\random_nrc_30_10_pe_20.0%_po_30.0%_3.txt', 74, 74, 0.06799840927124023, 0.09499979019165039
'TestCinemas/Random/300\\random_nrc_30_10_pe_20.0%_po_30.0%_4.txt', 73, 73, 0.06399846076965332, 0.4309999942779541
'TestCinemas/Random/300\\random_nrc_30_10_pe_20.0%_po_30.0%_5.txt', 72, 72, 0.06199955940246582, 0.17000031471252441
'TestCinemas/Random/300\\random_nrc_30_10_pe_20.0%_po_50.0%_1.txt', 93, 95, 0.06000089645385742, 1.129000186920166
'TestCinemas/Random/300\\random_nrc_30_10_pe_20.0%_po_50.0%_2.txt', 86, 86, 0.07400012016296387, 0.17699837684631348
'TestCinemas/Random/300\\random_nrc_30_10_pe_20.0%_po_50.0%_3.txt', 87, 88, 0.059000492095947266, 0.7609992027282715
'TestCinemas/Random/300\\random_nrc_30_10_pe_20.0%_po_50.0%_4.txt', 88, 85, 0.08299970626831055, 0.13399958610534668
'TestCinemas/Random/300\\random_nrc_30_10_pe_20.0%_po_50.0%_5.txt', 85, 85, 0.0729987621307373, 0.4140002727508545
'TestCinemas/Random/300\\random_nrc_30_10_pe_20.0%_po_70.0%_1.txt', 90, 89, 0.08400106430053711, 0.4660015106201172
'TestCinemas/Random/300\\random_nrc_30_10_pe_20.0%_po_70.0%_2.txt', 88, 89, 0.09299778938293457, 0.205000638961792
'TestCinemas/Random/300\\random_nrc_30_10_pe_20.0%_po_70.0%_3.txt', 93, 98, 0.08682632446289062, 1.050016164779663
'TestCinemas/Random/300\\random_nrc_30_10_pe_20.0%_po_70.0%_4.txt', 93, 94, 0.1080021858215332, 0.9328286647796631
'TestCinemas/Random/300\\random_nrc_30_10_pe_20.0%_po_70.0%_5.txt', 88, 88, 0.08500981330871582, 0.4929981231689453
'TestCinemas/Random/300\\random_nrc_30_10_pe_20.0%_po_90.0%_1.txt', 93, 94, 0.09800124168395996, 0.5899991989135742
'TestCinemas/Random/300\\random_nrc_30_10_pe_20.0%_po_90.0%_2.txt', 96, 98, 0.1248319149017334, 0.6071345806121826
'TestCinemas/Random/300\\random_nrc_30_10_pe_20.0%_po_90.0%_3.txt', 97, 98, 0.11599946022033691, 0.9339900016784668
'TestCinemas/Random/300\\random_nrc_30_10_pe_20.0%_po_90.0%_4.txt', 94, 99, 0.09000253677368164, 0.8690011501312256
'TestCinemas/Random/300\\random_nrc_30_10_pe_20.0%_po_90.0%_5.txt', 93, 95, 0.10899972915649414, 0.6443042755126953
'TestCinemas/Random/300\\random_nrc_30_10_pe_40.0%_po_30.0%_1.txt', 49, 49, 0.02500128746032715, 0.08099913597106934
'TestCinemas/Random/300\\random_nrc_30_10_pe_40.0%_po_30.0%_2.txt', 53, 53, 0.031001567840576172, 0.07799983024597168
'TestCinemas/Random/300\\random_nrc_30_10_pe_40.0%_po_30.0%_3.txt', 52, 52, 0.0279996395111084, 0.062001943588256836
'TestCinemas/Random/300\\random_nrc_30_10_pe_40.0%_po_30.0%_4.txt', 54, 54, 0.0299985408782959, 0.2550017833709717
'TestCinemas/Random/300\\random_nrc_30_10_pe_40.0%_po_30.0%_5.txt', 52, 52, 0.0279996395111084, 0.10002636909484863
'TestCinemas/Random/300\\random_nrc_30_10_pe_40.0%_po_50.0%_1.txt', 82, 78, 0.04000210762023926, 0.11705636978149414
'TestCinemas/Random/300\\random_nrc_30_10_pe_40.0%_po_50.0%_2.txt', 84, 84, 0.04300093650817871, 0.4530012607574463
'TestCinemas/Random/300\\random_nrc_30_10_pe_40.0%_po_50.0%_3.txt', 75, 76, 0.04399991035461426, 0.11299872398376465
'TestCinemas/Random/300\\random_nrc_30_10_pe_40.0%_po_50.0%_4.txt', 76, 79, 0.03300309181213379, 0.28800106048583984
'TestCinemas/Random/300\\random_nrc_30_10_pe_40.0%_po_50.0%_5.txt', 78, 79, 0.04199862480163574, 0.47579383850097656
'TestCinemas/Random/300\\random_nrc_30_10_pe_40.0%_po_70.0%_1.txt', 72, 70, 0.046000003814697266, 0.255002498626709
'TestCinemas/Random/300\\random_nrc_30_10_pe_40.0%_po_70.0%_2.txt', 81, 78, 0.04800081253051758, 0.2970008850097656
'TestCinemas/Random/300\\random_nrc_30_10_pe_40.0%_po_70.0%_3.txt', 81, 82, 0.0480036735534668, 0.1179964542388916
'TestCinemas/Random/300\\random_nrc_30_10_pe_40.0%_po_70.0%_4.txt', 73, 76, 0.04500007629394531, 0.2629992961883545
'TestCinemas/Random/300\\random_nrc_30_10_pe_40.0%_po_70.0%_5.txt', 77, 77, 0.05900216102600098, 0.11599969863891602
'TestCinemas/Random/300\\random_nrc_30_10_pe_40.0%_po_90.0%_1.txt', 82, 88, 0.06199789047241211, 0.3670017719268799
'TestCinemas/Random/300\\random_nrc_30_10_pe_40.0%_po_90.0%_2.txt', 92, 94, 0.06500005722045898, 0.7239980697631836
'TestCinemas/Random/300\\random_nrc_30_10_pe_40.0%_po_90.0%_3.txt', 89, 100, 0.04799842834472656, 0.8460030555725098
'TestCinemas/Random/300\\random_nrc_30_10_pe_40.0%_po_90.0%_4.txt', 78, 79, 0.052999258041381836, 0.12799835205078125
'TestCinemas/Random/300\\random_nrc_30_10_pe_40.0%_po_90.0%_5.txt', 71, 76, 0.05999875068664551, 0.28600072860717773
'TestCinemas/Random/300\\random_nrc_30_10_pe_60.0%_po_30.0%_1.txt', 38, 38, 0.017000198364257812, 0.030002832412719727
'TestCinemas/Random/300\\random_nrc_30_10_pe_60.0%_po_30.0%_2.txt', 36, 36, 0.015999317169189453, 0.025999784469604492
'TestCinemas/Random/300\\random_nrc_30_10_pe_60.0%_po_30.0%_3.txt', 36, 36, 0.01600027084350586, 0.022998571395874023
'TestCinemas/Random/300\\random_nrc_30_10_pe_60.0%_po_30.0%_4.txt', 36, 36, 0.015000104904174805, 0.03300046920776367
'TestCinemas/Random/300\\random_nrc_30_10_pe_60.0%_po_30.0%_5.txt', 30, 34, 0.016000986099243164, 0.06599926948547363
'TestCinemas/Random/300\\random_nrc_30_10_pe_60.0%_po_50.0%_1.txt', 48, 48, 0.018999099731445312, 0.03299999237060547
'TestCinemas/Random/300\\random_nrc_30_10_pe_60.0%_po_50.0%_2.txt', 40, 40, 0.01800060272216797, 0.02799844741821289
'TestCinemas/Random/300\\random_nrc_30_10_pe_60.0%_po_50.0%_3.txt', 54, 54, 0.029999256134033203, 0.044997215270996094
'TestCinemas/Random/300\\random_nrc_30_10_pe_60.0%_po_50.0%_4.txt', 51, 57, 0.02099895477294922, 0.043001651763916016
'TestCinemas/Random/300\\random_nrc_30_10_pe_60.0%_po_50.0%_5.txt', 50, 52, 0.019998550415039062, 0.0390009880065918
'TestCinemas/Random/300\\random_nrc_30_10_pe_60.0%_po_70.0%_1.txt', 48, 48, 0.023999929428100586, 0.03600120544433594
'TestCinemas/Random/300\\random_nrc_30_10_pe_60.0%_po_70.0%_2.txt', 60, 62, 0.029003143310546875, 0.05799698829650879
'TestCinemas/Random/300\\random_nrc_30_10_pe_60.0%_po_70.0%_3.txt', 42, 45, 0.025000333786010742, 0.05199790000915527
'TestCinemas/Random/300\\random_nrc_30_10_pe_60.0%_po_70.0%_4.txt', 46, 48, 0.026998281478881836, 0.04100298881530762
'TestCinemas/Random/300\\random_nrc_30_10_pe_60.0%_po_70.0%_5.txt', 61, 61, 0.030001163482666016, 0.05099797248840332
'TestCinemas/Random/300\\random_nrc_30_10_pe_60.0%_po_90.0%_1.txt', 62, 60, 0.02899909019470215, 0.07899975776672363
'TestCinemas/Random/300\\random_nrc_30_10_pe_60.0%_po_90.0%_2.txt', 60, 61, 0.03599810600280762, 0.06799983978271484
'TestCinemas/Random/300\\random_nrc_30_10_pe_60.0%_po_90.0%_3.txt', 58, 58, 0.03699970245361328, 0.04700064659118652
'TestCinemas/Random/300\\random_nrc_30_10_pe_60.0%_po_90.0%_4.txt', 51, 57, 0.026999711990356445, 0.0879983901977539
'TestCinemas/Random/300\\random_nrc_30_10_pe_60.0%_po_90.0%_5.txt', 61, 67, 0.03400087356567383, 0.2520015239715576
'TestCinemas/Random/300\\random_nrc_30_10_pe_80.0%_po_30.0%_1.txt', 17, 17, 0.004998683929443359, 0.007999181747436523
'TestCinemas/Random/300\\random_nrc_30_10_pe_80.0%_po_30.0%_2.txt', 20, 20, 0.0050008296966552734, 0.010998249053955078
'TestCinemas/Random/300\\random_nrc_30_10_pe_80.0%_po_30.0%_3.txt', 18, 18, 0.006998300552368164, 0.010001182556152344
'TestCinemas/Random/300\\random_nrc_30_10_pe_80.0%_po_30.0%_4.txt', 17, 17, 0.0050008296966552734, 0.006999969482421875
'TestCinemas/Random/300\\random_nrc_30_10_pe_80.0%_po_30.0%_5.txt', 17, 17, 0.0059986114501953125, 0.009001493453979492
'TestCinemas/Random/300\\random_nrc_30_10_pe_80.0%_po_50.0%_1.txt', 32, 32, 0.009001731872558594, 0.01299738883972168
'TestCinemas/Random/300\\random_nrc_30_10_pe_80.0%_po_50.0%_2.txt', 17, 17, 0.00800180435180664, 0.010997533798217773
'TestCinemas/Random/300\\random_nrc_30_10_pe_80.0%_po_50.0%_3.txt', 32, 32, 0.00899958610534668, 0.01599884033203125
'TestCinemas/Random/300\\random_nrc_30_10_pe_80.0%_po_50.0%_4.txt', 28, 28, 0.00899958610534668, 0.013000726699829102
'TestCinemas/Random/300\\random_nrc_30_10_pe_80.0%_po_50.0%_5.txt', 27, 27, 0.009997844696044922, 0.015000581741333008
'TestCinemas/Random/300\\random_nrc_30_10_pe_80.0%_po_70.0%_1.txt', 22, 22, 0.011000871658325195, 0.015001535415649414
'TestCinemas/Random/300\\random_nrc_30_10_pe_80.0%_po_70.0%_2.txt', 40, 40, 0.014999151229858398, 0.021999120712280273
'TestCinemas/Random/300\\random_nrc_30_10_pe_80.0%_po_70.0%_3.txt', 26, 26, 0.010000944137573242, 0.013002157211303711
'TestCinemas/Random/300\\random_nrc_30_10_pe_80.0%_po_70.0%_4.txt', 26, 26, 0.014000654220581055, 0.020999431610107422
'TestCinemas/Random/300\\random_nrc_30_10_pe_80.0%_po_70.0%_5.txt', 39, 39, 0.020001649856567383, 0.02699875831604004
'TestCinemas/Random/300\\random_nrc_30_10_pe_80.0%_po_90.0%_1.txt', 22, 22, 0.01299905776977539, 0.018000125885009766
'TestCinemas/Random/300\\random_nrc_30_10_pe_80.0%_po_90.0%_2.txt', 20, 20, 0.01100301742553711, 0.014999628067016602
'TestCinemas/Random/300\\random_nrc_30_10_pe_80.0%_po_90.0%_3.txt', 33, 33, 0.016997814178466797, 0.025000333786010742
'TestCinemas/Random/300\\random_nrc_30_10_pe_80.0%_po_90.0%_4.txt', 27, 27, 0.013000726699829102, 0.01800084114074707
'TestCinemas/Random/300\\random_nrc_30_10_pe_80.0%_po_90.0%_5.txt', 21, 21, 0.012001514434814453, 0.01299905776977539
