'TestCinemas/Random/200\\random_nrc_10_20_pe_0%_po_30.0%_1.txt', 60, 60, 0.04599881172180176, 0.059998512268066406
'TestCinemas/Random/200\\random_nrc_10_20_pe_0%_po_30.0%_2.txt', 60, 60, 0.04799818992614746, 0.07000231742858887
'TestCinemas/Random/200\\random_nrc_10_20_pe_0%_po_30.0%_3.txt', 60, 60, 0.04400014877319336, 0.062001705169677734
'TestCinemas/Random/200\\random_nrc_10_20_pe_0%_po_30.0%_4.txt', 60, 60, 0.04400205612182617, 0.3859987258911133
'TestCinemas/Random/200\\random_nrc_10_20_pe_0%_po_30.0%_5.txt', 60, 60, 0.04600191116333008, 0.1119997501373291
'TestCinemas/Random/200\\random_nrc_10_20_pe_0%_po_50.0%_1.txt', 74, 73, 0.053003549575805664, 0.1589977741241455
'TestCinemas/Random/200\\random_nrc_10_20_pe_0%_po_50.0%_2.txt', 69, 74, 0.054000139236450195, 0.11899924278259277
'TestCinemas/Random/200\\random_nrc_10_20_pe_0%_po_50.0%_3.txt', 70, 72, 0.057996273040771484, 0.14400053024291992
'TestCinemas/Random/200\\random_nrc_10_20_pe_0%_po_50.0%_4.txt', 71, 73, 0.05300116539001465, 0.3820176124572754
'TestCinemas/Random/200\\random_nrc_10_20_pe_0%_po_50.0%_5.txt', 69, 71, 0.051999568939208984, 0.4139986038208008
'TestCinemas/Random/200\\random_nrc_10_20_pe_0%_po_70.0%_1.txt', 77, 76, 0.06300115585327148, 0.4649994373321533
'TestCinemas/Random/200\\random_nrc_10_20_pe_0%_po_70.0%_2.txt', 80, 79, 0.05899858474731445, 0.7231884002685547
'TestCinemas/Random/200\\random_nrc_10_20_pe_0%_po_70.0%_3.txt', 71, 71, 0.061998844146728516, 0.4100017547607422
'TestCinemas/Random/200\\random_nrc_10_20_pe_0%_po_70.0%_4.txt', 77, 76, 0.05900144577026367, 0.5160040855407715
'TestCinemas/Random/200\\random_nrc_10_20_pe_0%_po_70.0%_5.txt', 74, 77, 0.06099867820739746, 0.7120003700256348
'TestCinemas/Random/200\\random_nrc_10_20_pe_0%_po_90.0%_1.txt', 76, 73, 0.07100200653076172, 0.4569978713989258
'TestCinemas/Random/200\\random_nrc_10_20_pe_0%_po_90.0%_2.txt', 83, 84, 0.06499934196472168, 1.163001298904419
'TestCinemas/Random/200\\random_nrc_10_20_pe_0%_po_90.0%_3.txt', 76, 78, 0.07500028610229492, 0.4199986457824707
'TestCinemas/Random/200\\random_nrc_10_20_pe_0%_po_90.0%_4.txt', 77, 80, 0.07692480087280273, 0.16201233863830566
'TestCinemas/Random/200\\random_nrc_10_20_pe_0%_po_90.0%_5.txt', 82, 80, 0.0670008659362793, 0.9920206069946289
'TestCinemas/Random/200\\random_nrc_10_20_pe_20.0%_po_30.0%_1.txt', 49, 49, 0.02499985694885254, 0.045999765396118164
'TestCinemas/Random/200\\random_nrc_10_20_pe_20.0%_po_30.0%_2.txt', 45, 45, 0.021000146865844727, 0.04700183868408203
'TestCinemas/Random/200\\random_nrc_10_20_pe_20.0%_po_30.0%_3.txt', 46, 46, 0.021999120712280273, 0.06000065803527832
'TestCinemas/Random/200\\random_nrc_10_20_pe_20.0%_po_30.0%_4.txt', 45, 45, 0.02299976348876953, 0.037999629974365234
'TestCinemas/Random/200\\random_nrc_10_20_pe_20.0%_po_30.0%_5.txt', 48, 48, 0.030005455017089844, 0.0709991455078125
'TestCinemas/Random/200\\random_nrc_10_20_pe_20.0%_po_50.0%_1.txt', 57, 57, 0.035001277923583984, 0.04499697685241699
'TestCinemas/Random/200\\random_nrc_10_20_pe_20.0%_po_50.0%_2.txt', 60, 60, 0.028996706008911133, 0.07500600814819336
'TestCinemas/Random/200\\random_nrc_10_20_pe_20.0%_po_50.0%_3.txt', 63, 63, 0.02702188491821289, 0.06998229026794434
'TestCinemas/Random/200\\random_nrc_10_20_pe_20.0%_po_50.0%_4.txt', 60, 63, 0.02900218963623047, 0.24899888038635254
'TestCinemas/Random/200\\random_nrc_10_20_pe_20.0%_po_50.0%_5.txt', 56, 60, 0.03400111198425293, 0.0729985237121582
'TestCinemas/Random/200\\random_nrc_10_20_pe_20.0%_po_70.0%_1.txt', 60, 62, 0.04300093650817871, 0.3209996223449707
'TestCinemas/Random/200\\random_nrc_10_20_pe_20.0%_po_70.0%_2.txt', 59, 62, 0.0429997444152832, 0.07599949836730957
'TestCinemas/Random/200\\random_nrc_10_20_pe_20.0%_po_70.0%_3.txt', 62, 63, 0.029998064041137695, 0.0870053768157959
'TestCinemas/Random/200\\random_nrc_10_20_pe_20.0%_po_70.0%_4.txt', 66, 62, 0.04099869728088379, 0.2840092182159424
'TestCinemas/Random/200\\random_nrc_10_20_pe_20.0%_po_70.0%_5.txt', 56, 60, 0.042000532150268555, 0.10001540184020996
'TestCinemas/Random/200\\random_nrc_10_20_pe_20.0%_po_90.0%_1.txt', 62, 64, 0.040001869201660156, 0.27800631523132324
'TestCinemas/Random/200\\random_nrc_10_20_pe_20.0%_po_90.0%_2.txt', 66, 71, 0.03800082206726074, 0.14799952507019043
'TestCinemas/Random/200\\random_nrc_10_20_pe_20.0%_po_90.0%_3.txt', 66, 68, 0.034996986389160156, 0.42501139640808105
'TestCinemas/Random/200\\random_nrc_10_20_pe_20.0%_po_90.0%_4.txt', 63, 66, 0.047997474670410156, 0.1020050048828125
'TestCinemas/Random/200\\random_nrc_10_20_pe_20.0%_po_90.0%_5.txt', 60, 60, 0.044000864028930664, 0.08499932289123535
'TestCinemas/Random/200\\random_nrc_10_20_pe_40.0%_po_30.0%_1.txt', 36, 36, 0.017000675201416016, 0.03299999237060547
'TestCinemas/Random/200\\random_nrc_10_20_pe_40.0%_po_30.0%_2.txt', 34, 34, 0.014000415802001953, 0.023000240325927734
'TestCinemas/Random/200\\random_nrc_10_20_pe_40.0%_po_30.0%_3.txt', 35, 35, 0.016001224517822266, 0.02399730682373047
'TestCinemas/Random/200\\random_nrc_10_20_pe_40.0%_po_30.0%_4.txt', 37, 37, 0.01399850845336914, 0.030999422073364258
'TestCinemas/Random/200\\random_nrc_10_20_pe_40.0%_po_30.0%_5.txt', 28, 36, 0.010000944137573242, 0.251007080078125
'TestCinemas/Random/200\\random_nrc_10_20_pe_40.0%_po_50.0%_1.txt', 52, 55, 0.017004013061523438, 0.1849982738494873
'TestCinemas/Random/200\\random_nrc_10_20_pe_40.0%_po_50.0%_2.txt', 55, 60, 0.018001079559326172, 0.1959981918334961
'TestCinemas/Random/200\\random_nrc_10_20_pe_40.0%_po_50.0%_3.txt', 51, 53, 0.01800084114074707, 0.032999277114868164
'TestCinemas/Random/200\\random_nrc_10_20_pe_40.0%_po_50.0%_4.txt', 49, 51, 0.019999027252197266, 0.04400134086608887
'TestCinemas/Random/200\\random_nrc_10_20_pe_40.0%_po_50.0%_5.txt', 49, 50, 0.023005247116088867, 0.03399991989135742
'TestCinemas/Random/200\\random_nrc_10_20_pe_40.0%_po_70.0%_1.txt', 53, 55, 0.018999576568603516, 0.14200043678283691
'TestCinemas/Random/200\\random_nrc_10_20_pe_40.0%_po_70.0%_2.txt', 53, 54, 0.021000146865844727, 0.052001237869262695
'TestCinemas/Random/200\\random_nrc_10_20_pe_40.0%_po_70.0%_3.txt', 53, 56, 0.02300119400024414, 0.0670018196105957
'TestCinemas/Random/200\\random_nrc_10_20_pe_40.0%_po_70.0%_4.txt', 53, 53, 0.020998716354370117, 0.1550750732421875
'TestCinemas/Random/200\\random_nrc_10_20_pe_40.0%_po_70.0%_5.txt', 51, 53, 0.017000198364257812, 0.0390017032623291
'TestCinemas/Random/200\\random_nrc_10_20_pe_40.0%_po_90.0%_1.txt', 49, 49, 0.0279996395111084, 0.0370023250579834
'TestCinemas/Random/200\\random_nrc_10_20_pe_40.0%_po_90.0%_2.txt', 50, 51, 0.02600240707397461, 0.0689992904663086
'TestCinemas/Random/200\\random_nrc_10_20_pe_40.0%_po_90.0%_3.txt', 56, 56, 0.0220029354095459, 0.05494236946105957
'TestCinemas/Random/200\\random_nrc_10_20_pe_40.0%_po_90.0%_4.txt', 54, 58, 0.026000499725341797, 0.055829524993896484
'TestCinemas/Random/200\\random_nrc_10_20_pe_40.0%_po_90.0%_5.txt', 56, 61, 0.026999711990356445, 0.09800434112548828
'TestCinemas/Random/200\\random_nrc_10_20_pe_60.0%_po_30.0%_1.txt', 23, 23, 0.0069997310638427734, 0.009001493453979492
'TestCinemas/Random/200\\random_nrc_10_20_pe_60.0%_po_30.0%_2.txt', 22, 22, 0.0070002079010009766, 0.012999534606933594
'TestCinemas/Random/200\\random_nrc_10_20_pe_60.0%_po_30.0%_3.txt', 27, 27, 0.009001731872558594, 0.013997316360473633
'TestCinemas/Random/200\\random_nrc_10_20_pe_60.0%_po_30.0%_4.txt', 25, 25, 0.006999015808105469, 0.011000633239746094
'TestCinemas/Random/200\\random_nrc_10_20_pe_60.0%_po_30.0%_5.txt', 28, 28, 0.010001420974731445, 0.0169980525970459
'TestCinemas/Random/200\\random_nrc_10_20_pe_60.0%_po_50.0%_1.txt', 29, 29, 0.007002353668212891, 0.010996103286743164
'TestCinemas/Random/200\\random_nrc_10_20_pe_60.0%_po_50.0%_2.txt', 35, 37, 0.010002613067626953, 0.024997711181640625
'TestCinemas/Random/200\\random_nrc_10_20_pe_60.0%_po_50.0%_3.txt', 37, 37, 0.010999917984008789, 0.017002105712890625
'TestCinemas/Random/200\\random_nrc_10_20_pe_60.0%_po_50.0%_4.txt', 30, 30, 0.009998559951782227, 0.014999866485595703
'TestCinemas/Random/200\\random_nrc_10_20_pe_60.0%_po_50.0%_5.txt', 30, 30, 0.00800013542175293, 0.015000581741333008
'TestCinemas/Random/200\\random_nrc_10_20_pe_60.0%_po_70.0%_1.txt', 33, 33, 0.010996580123901367, 0.01900005340576172
'TestCinemas/Random/200\\random_nrc_10_20_pe_60.0%_po_70.0%_2.txt', 35, 35, 0.010998010635375977, 0.02700519561767578
'TestCinemas/Random/200\\random_nrc_10_20_pe_60.0%_po_70.0%_3.txt', 35, 35, 0.011996030807495117, 0.01599907875061035
'TestCinemas/Random/200\\random_nrc_10_20_pe_60.0%_po_70.0%_4.txt', 38, 38, 0.013998270034790039, 0.02100229263305664
'TestCinemas/Random/200\\random_nrc_10_20_pe_60.0%_po_70.0%_5.txt', 39, 39, 0.013998985290527344, 0.020000934600830078
'TestCinemas/Random/200\\random_nrc_10_20_pe_60.0%_po_90.0%_1.txt', 34, 34, 0.012002229690551758, 0.015999317169189453
'TestCinemas/Random/200\\random_nrc_10_20_pe_60.0%_po_90.0%_2.txt', 42, 42, 0.01800394058227539, 0.027001142501831055
'TestCinemas/Random/200\\random_nrc_10_20_pe_60.0%_po_90.0%_3.txt', 37, 37, 0.014001607894897461, 0.023001909255981445
'TestCinemas/Random/200\\random_nrc_10_20_pe_60.0%_po_90.0%_4.txt', 28, 28, 0.01199793815612793, 0.02300238609313965
'TestCinemas/Random/200\\random_nrc_10_20_pe_60.0%_po_90.0%_5.txt', 36, 36, 0.014000177383422852, 0.01900029182434082
'TestCinemas/Random/200\\random_nrc_10_20_pe_80.0%_po_30.0%_1.txt', 10, 10, 0.0009999275207519531, 0.003000974655151367
'TestCinemas/Random/200\\random_nrc_10_20_pe_80.0%_po_30.0%_2.txt', 12, 12, 0.002001523971557617, 0.0039980411529541016
'TestCinemas/Random/200\\random_nrc_10_20_pe_80.0%_po_30.0%_3.txt', 15, 15, 0.0029969215393066406, 0.00500178337097168
'TestCinemas/Random/200\\random_nrc_10_20_pe_80.0%_po_30.0%_4.txt', 10, 10, 0.003000497817993164, 0.00400090217590332
'TestCinemas/Random/200\\random_nrc_10_20_pe_80.0%_po_30.0%_5.txt', 11, 11, 0.0019998550415039062, 0.004000186920166016
'TestCinemas/Random/200\\random_nrc_10_20_pe_80.0%_po_50.0%_1.txt', 10, 10, 0.003000020980834961, 0.0029993057250976562
'TestCinemas/Random/200\\random_nrc_10_20_pe_80.0%_po_50.0%_2.txt', 20, 20, 0.0040018558502197266, 0.0049991607666015625
'TestCinemas/Random/200\\random_nrc_10_20_pe_80.0%_po_50.0%_3.txt', 8, 8, 0.0029997825622558594, 0.003998517990112305
'TestCinemas/Random/200\\random_nrc_10_20_pe_80.0%_po_50.0%_4.txt', 21, 21, 0.0040018558502197266, 0.005998373031616211
'TestCinemas/Random/200\\random_nrc_10_20_pe_80.0%_po_50.0%_5.txt', 15, 15, 0.0040051937103271484, 0.005998134613037109
'TestCinemas/Random/200\\random_nrc_10_20_pe_80.0%_po_70.0%_1.txt', 18, 18, 0.006001710891723633, 0.008000373840332031
'TestCinemas/Random/200\\random_nrc_10_20_pe_80.0%_po_70.0%_2.txt', 21, 21, 0.00500035285949707, 0.00800013542175293
'TestCinemas/Random/200\\random_nrc_10_20_pe_80.0%_po_70.0%_3.txt', 16, 16, 0.004999876022338867, 0.009001016616821289
'TestCinemas/Random/200\\random_nrc_10_20_pe_80.0%_po_70.0%_4.txt', 15, 15, 0.005001544952392578, 0.006000041961669922
'TestCinemas/Random/200\\random_nrc_10_20_pe_80.0%_po_70.0%_5.txt', 16, 16, 0.005001068115234375, 0.004997730255126953
'TestCinemas/Random/200\\random_nrc_10_20_pe_80.0%_po_90.0%_1.txt', 22, 22, 0.008997440338134766, 0.01299905776977539
'TestCinemas/Random/200\\random_nrc_10_20_pe_80.0%_po_90.0%_2.txt', 21, 21, 0.007000446319580078, 0.008999824523925781
'TestCinemas/Random/200\\random_nrc_10_20_pe_80.0%_po_90.0%_3.txt', 11, 11, 0.006001472473144531, 0.009998559951782227
'TestCinemas/Random/200\\random_nrc_10_20_pe_80.0%_po_90.0%_4.txt', 9, 9, 0.003999948501586914, 0.007002353668212891
'TestCinemas/Random/200\\random_nrc_10_20_pe_80.0%_po_90.0%_5.txt', 15, 15, 0.007002115249633789, 0.00799870491027832
