'TestCinemas/Random/900\\random_nrc_20_45_pe_0%_po_30.0%_1.txt', 270, 270, 0.9709999561309814, 4.765000343322754
'TestCinemas/Random/900\\random_nrc_20_45_pe_0%_po_30.0%_2.txt', 270, 270, 0.9729979038238525, 2.4499993324279785
'TestCinemas/Random/900\\random_nrc_20_45_pe_0%_po_30.0%_3.txt', 270, 270, 0.9719996452331543, 6.751001358032227
'TestCinemas/Random/900\\random_nrc_20_45_pe_0%_po_30.0%_4.txt', 269, 270, 0.9880006313323975, 3.530001401901245
'TestCinemas/Random/900\\random_nrc_20_45_pe_0%_po_30.0%_5.txt', 270, 270, 0.9899985790252686, 6.445998907089233
'TestCinemas/Random/900\\random_nrc_20_45_pe_0%_po_50.0%_1.txt', 300, 301, 1.1780004501342773, 7.154000759124756
'TestCinemas/Random/900\\random_nrc_20_45_pe_0%_po_50.0%_2.txt', 305, 299, 1.1689996719360352, 12.960002422332764
'TestCinemas/Random/900\\random_nrc_20_45_pe_0%_po_50.0%_3.txt', 301, 298, 1.2069973945617676, 8.990999221801758
'TestCinemas/Random/900\\random_nrc_20_45_pe_0%_po_50.0%_4.txt', 297, 295, 1.2080028057098389, 4.583999872207642
'TestCinemas/Random/900\\random_nrc_20_45_pe_0%_po_50.0%_5.txt', 297, 312, 1.1870005130767822, 10.099998474121094
'TestCinemas/Random/900\\random_nrc_20_45_pe_0%_po_70.0%_1.txt', 327, 318, 1.36899995803833, 17.6270010471344
'TestCinemas/Random/900\\random_nrc_20_45_pe_0%_po_70.0%_2.txt', 313, 312, 1.3720004558563232, 11.768998622894287
'TestCinemas/Random/900\\random_nrc_20_45_pe_0%_po_70.0%_3.txt', 317, 313, 1.3979978561401367, 11.578000783920288
'TestCinemas/Random/900\\random_nrc_20_45_pe_0%_po_70.0%_4.txt', 330, 326, 1.352001428604126, 16.984520435333252
'TestCinemas/Random/900\\random_nrc_20_45_pe_0%_po_70.0%_5.txt', 304, 300, 1.4019999504089355, 4.868000507354736
'TestCinemas/Random/900\\random_nrc_20_45_pe_0%_po_90.0%_1.txt', 342, 325, 1.5309984683990479, 10.863998889923096
'TestCinemas/Random/900\\random_nrc_20_45_pe_0%_po_90.0%_2.txt', 337, 331, 1.5600011348724365, 15.606999635696411
'TestCinemas/Random/900\\random_nrc_20_45_pe_0%_po_90.0%_3.txt', 335, 322, 1.5650033950805664, 12.51199722290039
'TestCinemas/Random/900\\random_nrc_20_45_pe_0%_po_90.0%_4.txt', 326, 323, 1.571997880935669, 12.349000453948975
'TestCinemas/Random/900\\random_nrc_20_45_pe_0%_po_90.0%_5.txt', 333, 337, 1.5729990005493164, 15.530002355575562
'TestCinemas/Random/900\\random_nrc_20_45_pe_20.0%_po_30.0%_1.txt', 219, 219, 0.6099996566772461, 3.17199969291687
'TestCinemas/Random/900\\random_nrc_20_45_pe_20.0%_po_30.0%_2.txt', 220, 220, 0.5630016326904297, 3.3779995441436768
'TestCinemas/Random/900\\random_nrc_20_45_pe_20.0%_po_30.0%_3.txt', 209, 209, 0.5000002384185791, 2.930999994277954
'TestCinemas/Random/900\\random_nrc_20_45_pe_20.0%_po_30.0%_4.txt', 222, 222, 0.5959994792938232, 3.8279988765716553
'TestCinemas/Random/900\\random_nrc_20_45_pe_20.0%_po_30.0%_5.txt', 217, 217, 0.5769984722137451, 2.28299880027771
'TestCinemas/Random/900\\random_nrc_20_45_pe_20.0%_po_50.0%_1.txt', 256, 251, 0.7319996356964111, 1.8450007438659668
'TestCinemas/Random/900\\random_nrc_20_45_pe_20.0%_po_50.0%_2.txt', 256, 268, 0.633000373840332, 3.9489996433258057
'TestCinemas/Random/900\\random_nrc_20_45_pe_20.0%_po_50.0%_3.txt', 259, 270, 0.7049992084503174, 4.8889992237091064
'TestCinemas/Random/900\\random_nrc_20_45_pe_20.0%_po_50.0%_4.txt', 261, 274, 0.5899972915649414, 7.779001235961914
'TestCinemas/Random/900\\random_nrc_20_45_pe_20.0%_po_50.0%_5.txt', 260, 260, 0.7390007972717285, 2.8809990882873535
'TestCinemas/Random/900\\random_nrc_20_45_pe_20.0%_po_70.0%_1.txt', 265, 263, 0.8289990425109863, 4.621999025344849
'TestCinemas/Random/900\\random_nrc_20_45_pe_20.0%_po_70.0%_2.txt', 270, 270, 0.8770017623901367, 6.808000802993774
'TestCinemas/Random/900\\random_nrc_20_45_pe_20.0%_po_70.0%_3.txt', 269, 292, 0.7510015964508057, 10.030998468399048
'TestCinemas/Random/900\\random_nrc_20_45_pe_20.0%_po_70.0%_4.txt', 276, 284, 0.8670024871826172, 6.962999582290649
'TestCinemas/Random/900\\random_nrc_20_45_pe_20.0%_po_70.0%_5.txt', 268, 270, 0.7649998664855957, 5.356985569000244
'TestCinemas/Random/900\\random_nrc_20_45_pe_20.0%_po_90.0%_1.txt', 286, 288, 0.9099955558776855, 9.499000310897827
'TestCinemas/Random/900\\random_nrc_20_45_pe_20.0%_po_90.0%_2.txt', 295, 295, 0.800997257232666, 10.697651624679565
'TestCinemas/Random/900\\random_nrc_20_45_pe_20.0%_po_90.0%_3.txt', 283, 282, 0.8980002403259277, 8.532305240631104
'TestCinemas/Random/900\\random_nrc_20_45_pe_20.0%_po_90.0%_4.txt', 283, 291, 0.7580010890960693, 8.87399697303772
'TestCinemas/Random/900\\random_nrc_20_45_pe_20.0%_po_90.0%_5.txt', 286, 289, 0.8799974918365479, 8.100000619888306
'TestCinemas/Random/900\\random_nrc_20_45_pe_40.0%_po_30.0%_1.txt', 170, 170, 0.31000328063964844, 1.919996738433838
'TestCinemas/Random/900\\random_nrc_20_45_pe_40.0%_po_30.0%_2.txt', 158, 158, 0.26399946212768555, 1.1880006790161133
'TestCinemas/Random/900\\random_nrc_20_45_pe_40.0%_po_30.0%_3.txt', 160, 160, 0.26600098609924316, 1.2230000495910645
'TestCinemas/Random/900\\random_nrc_20_45_pe_40.0%_po_30.0%_4.txt', 158, 158, 0.26099705696105957, 2.2019991874694824
'TestCinemas/Random/900\\random_nrc_20_45_pe_40.0%_po_30.0%_5.txt', 164, 164, 0.28553247451782227, 1.7429983615875244
'TestCinemas/Random/900\\random_nrc_20_45_pe_40.0%_po_50.0%_1.txt', 231, 232, 0.3339962959289551, 2.1160006523132324
'TestCinemas/Random/900\\random_nrc_20_45_pe_40.0%_po_50.0%_2.txt', 217, 217, 0.36699628829956055, 1.446000099182129
'TestCinemas/Random/900\\random_nrc_20_45_pe_40.0%_po_50.0%_3.txt', 214, 218, 0.37800049781799316, 1.3730015754699707
'TestCinemas/Random/900\\random_nrc_20_45_pe_40.0%_po_50.0%_4.txt', 224, 225, 0.3510003089904785, 2.0084385871887207
'TestCinemas/Random/900\\random_nrc_20_45_pe_40.0%_po_50.0%_5.txt', 222, 227, 0.3823416233062744, 1.3313848972320557
'TestCinemas/Random/900\\random_nrc_20_45_pe_40.0%_po_70.0%_1.txt', 239, 244, 0.4550004005432129, 2.917997121810913
'TestCinemas/Random/900\\random_nrc_20_45_pe_40.0%_po_70.0%_2.txt', 234, 256, 0.44100093841552734, 5.169999122619629
'TestCinemas/Random/900\\random_nrc_20_45_pe_40.0%_po_70.0%_3.txt', 227, 233, 0.39999842643737793, 2.7579991817474365
'TestCinemas/Random/900\\random_nrc_20_45_pe_40.0%_po_70.0%_4.txt', 220, 233, 0.42400169372558594, 1.0799992084503174
'TestCinemas/Random/900\\random_nrc_20_45_pe_40.0%_po_70.0%_5.txt', 230, 233, 0.4400002956390381, 2.0179996490478516
'TestCinemas/Random/900\\random_nrc_20_45_pe_40.0%_po_90.0%_1.txt', 231, 234, 0.5289998054504395, 3.9760029315948486
'TestCinemas/Random/900\\random_nrc_20_45_pe_40.0%_po_90.0%_2.txt', 223, 225, 0.46400022506713867, 1.0920004844665527
'TestCinemas/Random/900\\random_nrc_20_45_pe_40.0%_po_90.0%_3.txt', 247, 243, 0.5200045108795166, 3.015995979309082
'TestCinemas/Random/900\\random_nrc_20_45_pe_40.0%_po_90.0%_4.txt', 233, 239, 0.535999059677124, 2.30300235748291
'TestCinemas/Random/900\\random_nrc_20_45_pe_40.0%_po_90.0%_5.txt', 252, 257, 0.5189986228942871, 3.5800018310546875
'TestCinemas/Random/900\\random_nrc_20_45_pe_60.0%_po_30.0%_1.txt', 97, 103, 0.12200117111206055, 0.5559983253479004
'TestCinemas/Random/900\\random_nrc_20_45_pe_60.0%_po_30.0%_2.txt', 111, 111, 0.11300206184387207, 0.3579986095428467
'TestCinemas/Random/900\\random_nrc_20_45_pe_60.0%_po_30.0%_3.txt', 109, 109, 0.1330125331878662, 0.2629966735839844
'TestCinemas/Random/900\\random_nrc_20_45_pe_60.0%_po_30.0%_4.txt', 116, 116, 0.13199782371520996, 0.3319995403289795
'TestCinemas/Random/900\\random_nrc_20_45_pe_60.0%_po_30.0%_5.txt', 108, 108, 0.15399813652038574, 0.25800013542175293
'TestCinemas/Random/900\\random_nrc_20_45_pe_60.0%_po_50.0%_1.txt', 151, 157, 0.21500086784362793, 0.4830000400543213
'TestCinemas/Random/900\\random_nrc_20_45_pe_60.0%_po_50.0%_2.txt', 158, 156, 0.19000029563903809, 0.3769993782043457
'TestCinemas/Random/900\\random_nrc_20_45_pe_60.0%_po_50.0%_3.txt', 144, 142, 0.1810004711151123, 0.3809998035430908
'TestCinemas/Random/900\\random_nrc_20_45_pe_60.0%_po_50.0%_4.txt', 145, 150, 0.1700000762939453, 0.7019999027252197
'TestCinemas/Random/900\\random_nrc_20_45_pe_60.0%_po_50.0%_5.txt', 168, 166, 0.178999662399292, 0.4169900417327881
'TestCinemas/Random/900\\random_nrc_20_45_pe_60.0%_po_70.0%_1.txt', 159, 165, 0.25901126861572266, 0.45200014114379883
'TestCinemas/Random/900\\random_nrc_20_45_pe_60.0%_po_70.0%_2.txt', 166, 180, 0.22500014305114746, 1.3469996452331543
'TestCinemas/Random/900\\random_nrc_20_45_pe_60.0%_po_70.0%_3.txt', 162, 160, 0.22999978065490723, 0.40400147438049316
'TestCinemas/Random/900\\random_nrc_20_45_pe_60.0%_po_70.0%_4.txt', 150, 155, 0.22201275825500488, 0.4039876461029053
'TestCinemas/Random/900\\random_nrc_20_45_pe_60.0%_po_70.0%_5.txt', 173, 177, 0.20301151275634766, 0.743999719619751
'TestCinemas/Random/900\\random_nrc_20_45_pe_60.0%_po_90.0%_1.txt', 166, 176, 0.27998948097229004, 0.4870126247406006
'TestCinemas/Random/900\\random_nrc_20_45_pe_60.0%_po_90.0%_2.txt', 175, 180, 0.28998732566833496, 0.5340018272399902
'TestCinemas/Random/900\\random_nrc_20_45_pe_60.0%_po_90.0%_3.txt', 158, 175, 0.27699947357177734, 0.584000825881958
'TestCinemas/Random/900\\random_nrc_20_45_pe_60.0%_po_90.0%_4.txt', 179, 186, 0.26399993896484375, 0.45294189453125
'TestCinemas/Random/900\\random_nrc_20_45_pe_60.0%_po_90.0%_5.txt', 181, 176, 0.2949998378753662, 0.6009995937347412
'TestCinemas/Random/900\\random_nrc_20_45_pe_80.0%_po_30.0%_1.txt', 52, 52, 0.042989492416381836, 0.06400012969970703
'TestCinemas/Random/900\\random_nrc_20_45_pe_80.0%_po_30.0%_2.txt', 49, 49, 0.03398752212524414, 0.04799985885620117
'TestCinemas/Random/900\\random_nrc_20_45_pe_80.0%_po_30.0%_3.txt', 54, 54, 0.035997867584228516, 0.05798697471618652
'TestCinemas/Random/900\\random_nrc_20_45_pe_80.0%_po_30.0%_4.txt', 43, 43, 0.034999847412109375, 0.05398750305175781
'TestCinemas/Random/900\\random_nrc_20_45_pe_80.0%_po_30.0%_5.txt', 47, 47, 0.044001102447509766, 0.06599974632263184
'TestCinemas/Random/900\\random_nrc_20_45_pe_80.0%_po_50.0%_1.txt', 52, 52, 0.07300114631652832, 0.11700010299682617
'TestCinemas/Random/900\\random_nrc_20_45_pe_80.0%_po_50.0%_2.txt', 63, 63, 0.06100010871887207, 0.10099983215332031
'TestCinemas/Random/900\\random_nrc_20_45_pe_80.0%_po_50.0%_3.txt', 50, 52, 0.06400060653686523, 0.10100030899047852
'TestCinemas/Random/900\\random_nrc_20_45_pe_80.0%_po_50.0%_4.txt', 58, 58, 0.06799983978271484, 0.09702920913696289
'TestCinemas/Random/900\\random_nrc_20_45_pe_80.0%_po_50.0%_5.txt', 66, 66, 0.06398582458496094, 0.09397459030151367
'TestCinemas/Random/900\\random_nrc_20_45_pe_80.0%_po_70.0%_1.txt', 69, 74, 0.09100341796875, 0.13499855995178223
'TestCinemas/Random/900\\random_nrc_20_45_pe_80.0%_po_70.0%_2.txt', 81, 79, 0.10100007057189941, 0.16100001335144043
'TestCinemas/Random/900\\random_nrc_20_45_pe_80.0%_po_70.0%_3.txt', 79, 79, 0.09599804878234863, 0.1380007266998291
'TestCinemas/Random/900\\random_nrc_20_45_pe_80.0%_po_70.0%_4.txt', 77, 77, 0.09402298927307129, 0.13913774490356445
'TestCinemas/Random/900\\random_nrc_20_45_pe_80.0%_po_70.0%_5.txt', 84, 85, 0.08800053596496582, 0.14099955558776855
'TestCinemas/Random/900\\random_nrc_20_45_pe_80.0%_po_90.0%_1.txt', 76, 78, 0.10998702049255371, 0.16900038719177246
'TestCinemas/Random/900\\random_nrc_20_45_pe_80.0%_po_90.0%_2.txt', 75, 75, 0.12199950218200684, 0.17500019073486328
'TestCinemas/Random/900\\random_nrc_20_45_pe_80.0%_po_90.0%_3.txt', 64, 64, 0.12100052833557129, 0.1660144329071045
'TestCinemas/Random/900\\random_nrc_20_45_pe_80.0%_po_90.0%_4.txt', 94, 94, 0.13196730613708496, 0.18236637115478516
'TestCinemas/Random/900\\random_nrc_20_45_pe_80.0%_po_90.0%_5.txt', 53, 53, 0.11700010299682617, 0.17198753356933594
