'TestCinemas/Random/130\\random_nrc_13_10_pe_0%_po_30.0%_1.txt', 39, 39, 0.017014741897583008, 0.22700214385986328
'TestCinemas/Random/130\\random_nrc_13_10_pe_0%_po_30.0%_2.txt', 39, 39, 0.01900029182434082, 0.041013240814208984
'TestCinemas/Random/130\\random_nrc_13_10_pe_0%_po_30.0%_3.txt', 39, 39, 0.019001245498657227, 0.029999971389770508
'TestCinemas/Random/130\\random_nrc_13_10_pe_0%_po_30.0%_4.txt', 39, 39, 0.021000146865844727, 0.22701525688171387
'TestCinemas/Random/130\\random_nrc_13_10_pe_0%_po_30.0%_5.txt', 38, 38, 0.019002914428710938, 0.02899789810180664
'TestCinemas/Random/130\\random_nrc_13_10_pe_0%_po_50.0%_1.txt', 44, 44, 0.02100062370300293, 0.22400403022766113
'TestCinemas/Random/130\\random_nrc_13_10_pe_0%_po_50.0%_2.txt', 47, 47, 0.02199864387512207, 0.24601244926452637
'TestCinemas/Random/130\\random_nrc_13_10_pe_0%_po_50.0%_3.txt', 45, 46, 0.023002147674560547, 0.25300073623657227
'TestCinemas/Random/130\\random_nrc_13_10_pe_0%_po_50.0%_4.txt', 46, 46, 0.021000146865844727, 0.2410292625427246
'TestCinemas/Random/130\\random_nrc_13_10_pe_0%_po_50.0%_5.txt', 48, 46, 0.020999908447265625, 0.3899977207183838
'TestCinemas/Random/130\\random_nrc_13_10_pe_0%_po_70.0%_1.txt', 45, 45, 0.02699732780456543, 0.22699999809265137
'TestCinemas/Random/130\\random_nrc_13_10_pe_0%_po_70.0%_2.txt', 47, 49, 0.02699756622314453, 0.07899975776672363
'TestCinemas/Random/130\\random_nrc_13_10_pe_0%_po_70.0%_3.txt', 54, 53, 0.021999597549438477, 0.4140012264251709
'TestCinemas/Random/130\\random_nrc_13_10_pe_0%_po_70.0%_4.txt', 45, 46, 0.029001712799072266, 0.24700307846069336
'TestCinemas/Random/130\\random_nrc_13_10_pe_0%_po_70.0%_5.txt', 47, 50, 0.027001380920410156, 0.2650156021118164
'TestCinemas/Random/130\\random_nrc_13_10_pe_0%_po_90.0%_1.txt', 52, 54, 0.02700018882751465, 0.2909998893737793
'TestCinemas/Random/130\\random_nrc_13_10_pe_0%_po_90.0%_2.txt', 47, 47, 0.029999971389770508, 0.08899998664855957
'TestCinemas/Random/130\\random_nrc_13_10_pe_0%_po_90.0%_3.txt', 49, 50, 0.02800130844116211, 0.23299884796142578
'TestCinemas/Random/130\\random_nrc_13_10_pe_0%_po_90.0%_4.txt', 49, 52, 0.027995824813842773, 0.24699926376342773
'TestCinemas/Random/130\\random_nrc_13_10_pe_0%_po_90.0%_5.txt', 49, 49, 0.02899789810180664, 0.39300060272216797
'TestCinemas/Random/130\\random_nrc_13_10_pe_20.0%_po_30.0%_1.txt', 30, 30, 0.010003089904785156, 0.015997648239135742
'TestCinemas/Random/130\\random_nrc_13_10_pe_20.0%_po_30.0%_2.txt', 32, 32, 0.010999679565429688, 0.14100074768066406
'TestCinemas/Random/130\\random_nrc_13_10_pe_20.0%_po_30.0%_3.txt', 32, 32, 0.01100015640258789, 0.01900005340576172
'TestCinemas/Random/130\\random_nrc_13_10_pe_20.0%_po_30.0%_4.txt', 29, 29, 0.009001493453979492, 0.13601160049438477
'TestCinemas/Random/130\\random_nrc_13_10_pe_20.0%_po_30.0%_5.txt', 29, 29, 0.009000062942504883, 0.014000415802001953
'TestCinemas/Random/130\\random_nrc_13_10_pe_20.0%_po_50.0%_1.txt', 37, 39, 0.011002063751220703, 0.022998332977294922
'TestCinemas/Random/130\\random_nrc_13_10_pe_20.0%_po_50.0%_2.txt', 47, 47, 0.015000581741333008, 0.16600251197814941
'TestCinemas/Random/130\\random_nrc_13_10_pe_20.0%_po_50.0%_3.txt', 37, 37, 0.013999700546264648, 0.01900649070739746
'TestCinemas/Random/130\\random_nrc_13_10_pe_20.0%_po_50.0%_4.txt', 38, 39, 0.012995004653930664, 0.16300606727600098
'TestCinemas/Random/130\\random_nrc_13_10_pe_20.0%_po_50.0%_5.txt', 38, 39, 0.01300191879272461, 0.029998779296875
'TestCinemas/Random/130\\random_nrc_13_10_pe_20.0%_po_70.0%_1.txt', 38, 40, 0.016000032424926758, 0.03499937057495117
'TestCinemas/Random/130\\random_nrc_13_10_pe_20.0%_po_70.0%_2.txt', 42, 50, 0.012999296188354492, 0.3390004634857178
'TestCinemas/Random/130\\random_nrc_13_10_pe_20.0%_po_70.0%_3.txt', 44, 44, 0.016997814178466797, 0.1459980010986328
'TestCinemas/Random/130\\random_nrc_13_10_pe_20.0%_po_70.0%_4.txt', 42, 40, 0.014998435974121094, 0.030998945236206055
'TestCinemas/Random/130\\random_nrc_13_10_pe_20.0%_po_70.0%_5.txt', 39, 40, 0.01599884033203125, 0.04500007629394531
'TestCinemas/Random/130\\random_nrc_13_10_pe_20.0%_po_90.0%_1.txt', 43, 47, 0.015000343322753906, 0.24700284004211426
'TestCinemas/Random/130\\random_nrc_13_10_pe_20.0%_po_90.0%_2.txt', 42, 47, 0.012998819351196289, 0.23299789428710938
'TestCinemas/Random/130\\random_nrc_13_10_pe_20.0%_po_90.0%_3.txt', 44, 44, 0.019002437591552734, 0.05699753761291504
'TestCinemas/Random/130\\random_nrc_13_10_pe_20.0%_po_90.0%_4.txt', 43, 45, 0.014997005462646484, 0.2409980297088623
'TestCinemas/Random/130\\random_nrc_13_10_pe_20.0%_po_90.0%_5.txt', 41, 40, 0.016997337341308594, 0.02700066566467285
'TestCinemas/Random/130\\random_nrc_13_10_pe_40.0%_po_30.0%_1.txt', 19, 25, 0.006000041961669922, 0.10599994659423828
'TestCinemas/Random/130\\random_nrc_13_10_pe_40.0%_po_30.0%_2.txt', 23, 23, 0.0060002803802490234, 0.02100062370300293
'TestCinemas/Random/130\\random_nrc_13_10_pe_40.0%_po_30.0%_3.txt', 23, 23, 0.006000041961669922, 0.009000301361083984
'TestCinemas/Random/130\\random_nrc_13_10_pe_40.0%_po_30.0%_4.txt', 25, 25, 0.004998922348022461, 0.0969994068145752
'TestCinemas/Random/130\\random_nrc_13_10_pe_40.0%_po_30.0%_5.txt', 22, 22, 0.004998922348022461, 0.009000778198242188
'TestCinemas/Random/130\\random_nrc_13_10_pe_40.0%_po_50.0%_1.txt', 34, 35, 0.00800180435180664, 0.10299849510192871
'TestCinemas/Random/130\\random_nrc_13_10_pe_40.0%_po_50.0%_2.txt', 35, 35, 0.007996559143066406, 0.014999866485595703
'TestCinemas/Random/130\\random_nrc_13_10_pe_40.0%_po_50.0%_3.txt', 35, 37, 0.007000446319580078, 0.023001432418823242
'TestCinemas/Random/130\\random_nrc_13_10_pe_40.0%_po_50.0%_4.txt', 38, 38, 0.009000062942504883, 0.0989999771118164
'TestCinemas/Random/130\\random_nrc_13_10_pe_40.0%_po_50.0%_5.txt', 34, 32, 0.008000373840332031, 0.011999845504760742
'TestCinemas/Random/130\\random_nrc_13_10_pe_40.0%_po_70.0%_1.txt', 36, 36, 0.009000062942504883, 0.029000043869018555
'TestCinemas/Random/130\\random_nrc_13_10_pe_40.0%_po_70.0%_2.txt', 33, 33, 0.01100015640258789, 0.02300119400024414
'TestCinemas/Random/130\\random_nrc_13_10_pe_40.0%_po_70.0%_3.txt', 32, 32, 0.008999824523925781, 0.01500248908996582
'TestCinemas/Random/130\\random_nrc_13_10_pe_40.0%_po_70.0%_4.txt', 34, 34, 0.00999903678894043, 0.014002799987792969
'TestCinemas/Random/130\\random_nrc_13_10_pe_40.0%_po_70.0%_5.txt', 36, 36, 0.011001348495483398, 0.014998674392700195
'TestCinemas/Random/130\\random_nrc_13_10_pe_40.0%_po_90.0%_1.txt', 37, 39, 0.010004997253417969, 0.023995399475097656
'TestCinemas/Random/130\\random_nrc_13_10_pe_40.0%_po_90.0%_2.txt', 37, 43, 0.00899958610534668, 0.1699995994567871
'TestCinemas/Random/130\\random_nrc_13_10_pe_40.0%_po_90.0%_3.txt', 34, 32, 0.010000467300415039, 0.016999483108520508
'TestCinemas/Random/130\\random_nrc_13_10_pe_40.0%_po_90.0%_4.txt', 31, 31, 0.010998249053955078, 0.014002323150634766
'TestCinemas/Random/130\\random_nrc_13_10_pe_40.0%_po_90.0%_5.txt', 32, 34, 0.011000394821166992, 0.020000219345092773
'TestCinemas/Random/130\\random_nrc_13_10_pe_60.0%_po_30.0%_1.txt', 15, 15, 0.0030002593994140625, 0.006999969482421875
'TestCinemas/Random/130\\random_nrc_13_10_pe_60.0%_po_30.0%_2.txt', 17, 17, 0.004000425338745117, 0.006000518798828125
'TestCinemas/Random/130\\random_nrc_13_10_pe_60.0%_po_30.0%_3.txt', 15, 15, 0.003003835678100586, 0.004996538162231445
'TestCinemas/Random/130\\random_nrc_13_10_pe_60.0%_po_30.0%_4.txt', 9, 9, 0.0019998550415039062, 0.003005504608154297
'TestCinemas/Random/130\\random_nrc_13_10_pe_60.0%_po_30.0%_5.txt', 17, 17, 0.00299835205078125, 0.005998134613037109
'TestCinemas/Random/130\\random_nrc_13_10_pe_60.0%_po_50.0%_1.txt', 24, 24, 0.004998207092285156, 0.006000041961669922
'TestCinemas/Random/130\\random_nrc_13_10_pe_60.0%_po_50.0%_2.txt', 26, 26, 0.003999948501586914, 0.010000228881835938
'TestCinemas/Random/130\\random_nrc_13_10_pe_60.0%_po_50.0%_3.txt', 22, 22, 0.003997325897216797, 0.006999969482421875
'TestCinemas/Random/130\\random_nrc_13_10_pe_60.0%_po_50.0%_4.txt', 28, 28, 0.004999637603759766, 0.006001472473144531
'TestCinemas/Random/130\\random_nrc_13_10_pe_60.0%_po_50.0%_5.txt', 22, 20, 0.0029997825622558594, 0.0070002079010009766
'TestCinemas/Random/130\\random_nrc_13_10_pe_60.0%_po_70.0%_1.txt', 22, 22, 0.004997968673706055, 0.005999565124511719
'TestCinemas/Random/130\\random_nrc_13_10_pe_60.0%_po_70.0%_2.txt', 17, 17, 0.0030002593994140625, 0.006000041961669922
'TestCinemas/Random/130\\random_nrc_13_10_pe_60.0%_po_70.0%_3.txt', 22, 20, 0.005999565124511719, 0.012003660202026367
'TestCinemas/Random/130\\random_nrc_13_10_pe_60.0%_po_70.0%_4.txt', 19, 21, 0.00700068473815918, 0.013001203536987305
'TestCinemas/Random/130\\random_nrc_13_10_pe_60.0%_po_70.0%_5.txt', 28, 28, 0.007998228073120117, 0.013003826141357422
'TestCinemas/Random/130\\random_nrc_13_10_pe_60.0%_po_90.0%_1.txt', 30, 30, 0.008001327514648438, 0.00999760627746582
'TestCinemas/Random/130\\random_nrc_13_10_pe_60.0%_po_90.0%_2.txt', 21, 21, 0.0069997310638427734, 0.010000228881835938
'TestCinemas/Random/130\\random_nrc_13_10_pe_60.0%_po_90.0%_3.txt', 26, 26, 0.005999326705932617, 0.009000062942504883
'TestCinemas/Random/130\\random_nrc_13_10_pe_60.0%_po_90.0%_4.txt', 29, 30, 0.0060007572174072266, 0.008999824523925781
'TestCinemas/Random/130\\random_nrc_13_10_pe_60.0%_po_90.0%_5.txt', 27, 27, 0.00599980354309082, 0.010000467300415039
'TestCinemas/Random/130\\random_nrc_13_10_pe_80.0%_po_30.0%_1.txt', 6, 6, 0.0, 0.0019981861114501953
'TestCinemas/Random/130\\random_nrc_13_10_pe_80.0%_po_30.0%_2.txt', 7, 7, 0.0020003318786621094, 0.0009999275207519531
'TestCinemas/Random/130\\random_nrc_13_10_pe_80.0%_po_30.0%_3.txt', 9, 9, 0.0009996891021728516, 0.0019998550415039062
'TestCinemas/Random/130\\random_nrc_13_10_pe_80.0%_po_30.0%_4.txt', 8, 8, 0.0010006427764892578, 0.0010001659393310547
'TestCinemas/Random/130\\random_nrc_13_10_pe_80.0%_po_30.0%_5.txt', 9, 9, 0.002004384994506836, 0.0019958019256591797
'TestCinemas/Random/130\\random_nrc_13_10_pe_80.0%_po_50.0%_1.txt', 10, 10, 0.001999378204345703, 0.0019998550415039062
'TestCinemas/Random/130\\random_nrc_13_10_pe_80.0%_po_50.0%_2.txt', 10, 10, 0.0020024776458740234, 0.002001047134399414
'TestCinemas/Random/130\\random_nrc_13_10_pe_80.0%_po_50.0%_3.txt', 10, 10, 0.0010001659393310547, 0.003000020980834961
'TestCinemas/Random/130\\random_nrc_13_10_pe_80.0%_po_50.0%_4.txt', 11, 11, 0.002001523971557617, 0.00299835205078125
'TestCinemas/Random/130\\random_nrc_13_10_pe_80.0%_po_50.0%_5.txt', 10, 10, 0.0010001659393310547, 0.0029993057250976562
'TestCinemas/Random/130\\random_nrc_13_10_pe_80.0%_po_70.0%_1.txt', 5, 5, 0.002000570297241211, 0.002999544143676758
'TestCinemas/Random/130\\random_nrc_13_10_pe_80.0%_po_70.0%_2.txt', 15, 15, 0.002998828887939453, 0.003999471664428711
'TestCinemas/Random/130\\random_nrc_13_10_pe_80.0%_po_70.0%_3.txt', 9, 9, 0.0010006427764892578, 0.002999544143676758
'TestCinemas/Random/130\\random_nrc_13_10_pe_80.0%_po_70.0%_4.txt', 11, 11, 0.003000497817993164, 0.0029990673065185547
'TestCinemas/Random/130\\random_nrc_13_10_pe_80.0%_po_70.0%_5.txt', 7, 7, 0.002001047134399414, 0.0019989013671875
'TestCinemas/Random/130\\random_nrc_13_10_pe_80.0%_po_90.0%_1.txt', 17, 17, 0.003999233245849609, 0.006002664566040039
'TestCinemas/Random/130\\random_nrc_13_10_pe_80.0%_po_90.0%_2.txt', 12, 12, 0.001998424530029297, 0.004000425338745117
'TestCinemas/Random/130\\random_nrc_13_10_pe_80.0%_po_90.0%_3.txt', 12, 12, 0.002999544143676758, 0.0029993057250976562
'TestCinemas/Random/130\\random_nrc_13_10_pe_80.0%_po_90.0%_4.txt', 8, 8, 0.002000093460083008, 0.0029997825622558594
'TestCinemas/Random/130\\random_nrc_13_10_pe_80.0%_po_90.0%_5.txt', 10, 10, 0.002025127410888672, 0.0029883384704589844
