'TestCinemas/Random/120\\random_nrc_10_12_pe_0%_po_30.0%_1.txt', 36, 36, 0.015000343322753906, 0.04700160026550293
'TestCinemas/Random/120\\random_nrc_10_12_pe_0%_po_30.0%_2.txt', 36, 36, 0.015000104904174805, 0.04400134086608887
'TestCinemas/Random/120\\random_nrc_10_12_pe_0%_po_30.0%_3.txt', 36, 36, 0.013999223709106445, 0.03099966049194336
'TestCinemas/Random/120\\random_nrc_10_12_pe_0%_po_30.0%_4.txt', 36, 36, 0.01600813865661621, 0.04300117492675781
'TestCinemas/Random/120\\random_nrc_10_12_pe_0%_po_30.0%_5.txt', 36, 36, 0.015002012252807617, 0.033007144927978516
'TestCinemas/Random/120\\random_nrc_10_12_pe_0%_po_50.0%_1.txt', 39, 39, 0.01900029182434082, 0.02899956703186035
'TestCinemas/Random/120\\random_nrc_10_12_pe_0%_po_50.0%_2.txt', 43, 43, 0.018001079559326172, 0.05399918556213379
'TestCinemas/Random/120\\random_nrc_10_12_pe_0%_po_50.0%_3.txt', 42, 42, 0.018000125885009766, 0.19101333618164062
'TestCinemas/Random/120\\random_nrc_10_12_pe_0%_po_50.0%_4.txt', 44, 45, 0.0169980525970459, 0.1979999542236328
'TestCinemas/Random/120\\random_nrc_10_12_pe_0%_po_50.0%_5.txt', 40, 40, 0.01800847053527832, 0.03711271286010742
'TestCinemas/Random/120\\random_nrc_10_12_pe_0%_po_70.0%_1.txt', 43, 47, 0.020000219345092773, 0.23500776290893555
'TestCinemas/Random/120\\random_nrc_10_12_pe_0%_po_70.0%_2.txt', 46, 48, 0.020000934600830078, 0.05899930000305176
'TestCinemas/Random/120\\random_nrc_10_12_pe_0%_po_70.0%_3.txt', 42, 42, 0.02200007438659668, 0.05300021171569824
'TestCinemas/Random/120\\random_nrc_10_12_pe_0%_po_70.0%_4.txt', 44, 44, 0.021000146865844727, 0.04800009727478027
'TestCinemas/Random/120\\random_nrc_10_12_pe_0%_po_70.0%_5.txt', 43, 43, 0.02099919319152832, 0.03500032424926758
'TestCinemas/Random/120\\random_nrc_10_12_pe_0%_po_90.0%_1.txt', 46, 46, 0.022000551223754883, 0.33914661407470703
'TestCinemas/Random/120\\random_nrc_10_12_pe_0%_po_90.0%_2.txt', 45, 46, 0.023999929428100586, 0.21657323837280273
'TestCinemas/Random/120\\random_nrc_10_12_pe_0%_po_90.0%_3.txt', 46, 46, 0.02500009536743164, 0.03599977493286133
'TestCinemas/Random/120\\random_nrc_10_12_pe_0%_po_90.0%_4.txt', 49, 49, 0.021999597549438477, 0.35950636863708496
'TestCinemas/Random/120\\random_nrc_10_12_pe_0%_po_90.0%_5.txt', 49, 50, 0.02200031280517578, 0.3650023937225342
'TestCinemas/Random/120\\random_nrc_10_12_pe_20.0%_po_30.0%_1.txt', 28, 28, 0.010010242462158203, 0.014018535614013672
'TestCinemas/Random/120\\random_nrc_10_12_pe_20.0%_po_30.0%_2.txt', 28, 28, 0.007999420166015625, 0.019999027252197266
'TestCinemas/Random/120\\random_nrc_10_12_pe_20.0%_po_30.0%_3.txt', 29, 29, 0.010009527206420898, 0.014009475708007812
'TestCinemas/Random/120\\random_nrc_10_12_pe_20.0%_po_30.0%_4.txt', 27, 27, 0.007000446319580078, 0.023021221160888672
'TestCinemas/Random/120\\random_nrc_10_12_pe_20.0%_po_30.0%_5.txt', 28, 28, 0.007999181747436523, 0.012997150421142578
'TestCinemas/Random/120\\random_nrc_10_12_pe_20.0%_po_50.0%_1.txt', 37, 39, 0.009038925170898438, 0.21393561363220215
'TestCinemas/Random/120\\random_nrc_10_12_pe_20.0%_po_50.0%_2.txt', 36, 36, 0.013002157211303711, 0.01592731475830078
'TestCinemas/Random/120\\random_nrc_10_12_pe_20.0%_po_50.0%_3.txt', 33, 33, 0.012000083923339844, 0.016000032424926758
'TestCinemas/Random/120\\random_nrc_10_12_pe_20.0%_po_50.0%_4.txt', 36, 38, 0.008002519607543945, 0.11199760437011719
'TestCinemas/Random/120\\random_nrc_10_12_pe_20.0%_po_50.0%_5.txt', 35, 35, 0.01200246810913086, 0.03499770164489746
'TestCinemas/Random/120\\random_nrc_10_12_pe_20.0%_po_70.0%_1.txt', 37, 39, 0.012009143829345703, 0.13813352584838867
'TestCinemas/Random/120\\random_nrc_10_12_pe_20.0%_po_70.0%_2.txt', 36, 36, 0.016000032424926758, 0.020999908447265625
'TestCinemas/Random/120\\random_nrc_10_12_pe_20.0%_po_70.0%_3.txt', 37, 37, 0.015001296997070312, 0.027997970581054688
'TestCinemas/Random/120\\random_nrc_10_12_pe_20.0%_po_70.0%_4.txt', 41, 43, 0.015999794006347656, 0.04999899864196777
'TestCinemas/Random/120\\random_nrc_10_12_pe_20.0%_po_70.0%_5.txt', 39, 39, 0.014998912811279297, 0.04099869728088379
'TestCinemas/Random/120\\random_nrc_10_12_pe_20.0%_po_90.0%_1.txt', 42, 41, 0.015995502471923828, 0.15999960899353027
'TestCinemas/Random/120\\random_nrc_10_12_pe_20.0%_po_90.0%_2.txt', 43, 42, 0.018000125885009766, 0.1600022315979004
'TestCinemas/Random/120\\random_nrc_10_12_pe_20.0%_po_90.0%_3.txt', 40, 45, 0.01399993896484375, 0.23299956321716309
'TestCinemas/Random/120\\random_nrc_10_12_pe_20.0%_po_90.0%_4.txt', 34, 36, 0.015997886657714844, 0.023999691009521484
'TestCinemas/Random/120\\random_nrc_10_12_pe_20.0%_po_90.0%_5.txt', 40, 40, 0.016000747680664062, 0.12800002098083496
'TestCinemas/Random/120\\random_nrc_10_12_pe_40.0%_po_30.0%_1.txt', 20, 20, 0.004998922348022461, 0.00800013542175293
'TestCinemas/Random/120\\random_nrc_10_12_pe_40.0%_po_30.0%_2.txt', 21, 21, 0.004999876022338867, 0.009000062942504883
'TestCinemas/Random/120\\random_nrc_10_12_pe_40.0%_po_30.0%_3.txt', 24, 24, 0.005997657775878906, 0.011002302169799805
'TestCinemas/Random/120\\random_nrc_10_12_pe_40.0%_po_30.0%_4.txt', 23, 23, 0.004998207092285156, 0.010999679565429688
'TestCinemas/Random/120\\random_nrc_10_12_pe_40.0%_po_30.0%_5.txt', 21, 21, 0.005000114440917969, 0.007001161575317383
'TestCinemas/Random/120\\random_nrc_10_12_pe_40.0%_po_50.0%_1.txt', 31, 32, 0.0070002079010009766, 0.012000083923339844
'TestCinemas/Random/120\\random_nrc_10_12_pe_40.0%_po_50.0%_2.txt', 30, 30, 0.005000114440917969, 0.009000301361083984
'TestCinemas/Random/120\\random_nrc_10_12_pe_40.0%_po_50.0%_3.txt', 31, 31, 0.007000446319580078, 0.009999990463256836
'TestCinemas/Random/120\\random_nrc_10_12_pe_40.0%_po_50.0%_4.txt', 31, 32, 0.005002260208129883, 0.018998384475708008
'TestCinemas/Random/120\\random_nrc_10_12_pe_40.0%_po_50.0%_5.txt', 26, 26, 0.007000446319580078, 0.010999917984008789
'TestCinemas/Random/120\\random_nrc_10_12_pe_40.0%_po_70.0%_1.txt', 33, 40, 0.00799703598022461, 0.030999422073364258
'TestCinemas/Random/120\\random_nrc_10_12_pe_40.0%_po_70.0%_2.txt', 33, 33, 0.00700068473815918, 0.07200002670288086
'TestCinemas/Random/120\\random_nrc_10_12_pe_40.0%_po_70.0%_3.txt', 33, 34, 0.00800013542175293, 0.01600027084350586
'TestCinemas/Random/120\\random_nrc_10_12_pe_40.0%_po_70.0%_4.txt', 31, 31, 0.009001016616821289, 0.010999441146850586
'TestCinemas/Random/120\\random_nrc_10_12_pe_40.0%_po_70.0%_5.txt', 31, 31, 0.008999824523925781, 0.012003898620605469
'TestCinemas/Random/120\\random_nrc_10_12_pe_40.0%_po_90.0%_1.txt', 31, 31, 0.008999347686767578, 0.012000083923339844
'TestCinemas/Random/120\\random_nrc_10_12_pe_40.0%_po_90.0%_2.txt', 35, 40, 0.00800013542175293, 0.10199999809265137
'TestCinemas/Random/120\\random_nrc_10_12_pe_40.0%_po_90.0%_3.txt', 33, 33, 0.011000394821166992, 0.014999866485595703
'TestCinemas/Random/120\\random_nrc_10_12_pe_40.0%_po_90.0%_4.txt', 33, 34, 0.009000301361083984, 0.02599954605102539
'TestCinemas/Random/120\\random_nrc_10_12_pe_40.0%_po_90.0%_5.txt', 32, 32, 0.010998725891113281, 0.026000022888183594
'TestCinemas/Random/120\\random_nrc_10_12_pe_60.0%_po_30.0%_1.txt', 13, 13, 0.002000093460083008, 0.003000020980834961
'TestCinemas/Random/120\\random_nrc_10_12_pe_60.0%_po_30.0%_2.txt', 12, 12, 0.002997159957885742, 0.0030002593994140625
'TestCinemas/Random/120\\random_nrc_10_12_pe_60.0%_po_30.0%_3.txt', 15, 15, 0.003000974655151367, 0.003999233245849609
'TestCinemas/Random/120\\random_nrc_10_12_pe_60.0%_po_30.0%_4.txt', 13, 13, 0.003000497817993164, 0.004003047943115234
'TestCinemas/Random/120\\random_nrc_10_12_pe_60.0%_po_30.0%_5.txt', 10, 10, 0.0009987354278564453, 0.010000944137573242
'TestCinemas/Random/120\\random_nrc_10_12_pe_60.0%_po_50.0%_1.txt', 16, 16, 0.004000425338745117, 0.005003452301025391
'TestCinemas/Random/120\\random_nrc_10_12_pe_60.0%_po_50.0%_2.txt', 12, 12, 0.0030028820037841797, 0.004998207092285156
'TestCinemas/Random/120\\random_nrc_10_12_pe_60.0%_po_50.0%_3.txt', 24, 24, 0.004000663757324219, 0.004999876022338867
'TestCinemas/Random/120\\random_nrc_10_12_pe_60.0%_po_50.0%_4.txt', 20, 18, 0.0029997825622558594, 0.005999565124511719
'TestCinemas/Random/120\\random_nrc_10_12_pe_60.0%_po_50.0%_5.txt', 18, 19, 0.0029993057250976562, 0.004999876022338867
'TestCinemas/Random/120\\random_nrc_10_12_pe_60.0%_po_70.0%_1.txt', 25, 25, 0.007002592086791992, 0.008997440338134766
'TestCinemas/Random/120\\random_nrc_10_12_pe_60.0%_po_70.0%_2.txt', 21, 21, 0.005000114440917969, 0.007003307342529297
'TestCinemas/Random/120\\random_nrc_10_12_pe_60.0%_po_70.0%_3.txt', 27, 29, 0.004999876022338867, 0.010000467300415039
'TestCinemas/Random/120\\random_nrc_10_12_pe_60.0%_po_70.0%_4.txt', 17, 17, 0.0039997100830078125, 0.0039997100830078125
'TestCinemas/Random/120\\random_nrc_10_12_pe_60.0%_po_70.0%_5.txt', 23, 25, 0.00500035285949707, 0.00599980354309082
'TestCinemas/Random/120\\random_nrc_10_12_pe_60.0%_po_90.0%_1.txt', 24, 24, 0.003999948501586914, 0.0060024261474609375
'TestCinemas/Random/120\\random_nrc_10_12_pe_60.0%_po_90.0%_2.txt', 21, 21, 0.004000186920166016, 0.00800013542175293
'TestCinemas/Random/120\\random_nrc_10_12_pe_60.0%_po_90.0%_3.txt', 18, 17, 0.0039997100830078125, 0.0060002803802490234
'TestCinemas/Random/120\\random_nrc_10_12_pe_60.0%_po_90.0%_4.txt', 24, 28, 0.006010293960571289, 0.012009859085083008
'TestCinemas/Random/120\\random_nrc_10_12_pe_60.0%_po_90.0%_5.txt', 26, 30, 0.004999876022338867, 0.014000177383422852
'TestCinemas/Random/120\\random_nrc_10_12_pe_80.0%_po_30.0%_1.txt', 5, 5, 0.0009999275207519531, 0.0010025501251220703
'TestCinemas/Random/120\\random_nrc_10_12_pe_80.0%_po_30.0%_2.txt', 4, 4, 0.0010001659393310547, 0.0010001659393310547
'TestCinemas/Random/120\\random_nrc_10_12_pe_80.0%_po_30.0%_3.txt', 4, 4, 0.0010004043579101562, 0.0009996891021728516
'TestCinemas/Random/120\\random_nrc_10_12_pe_80.0%_po_30.0%_4.txt', 4, 4, 0.001001119613647461, 0.00099945068359375
'TestCinemas/Random/120\\random_nrc_10_12_pe_80.0%_po_30.0%_5.txt', 6, 6, 0.0010004043579101562, 0.0010004043579101562
'TestCinemas/Random/120\\random_nrc_10_12_pe_80.0%_po_50.0%_1.txt', 8, 8, 0.0010004043579101562, 0.0019998550415039062
'TestCinemas/Random/120\\random_nrc_10_12_pe_80.0%_po_50.0%_2.txt', 12, 12, 0.0020003318786621094, 0.0029997825622558594
'TestCinemas/Random/120\\random_nrc_10_12_pe_80.0%_po_50.0%_3.txt', 10, 10, 0.0010004043579101562, 0.0019998550415039062
'TestCinemas/Random/120\\random_nrc_10_12_pe_80.0%_po_50.0%_4.txt', 8, 8, 0.0009992122650146484, 0.0020003318786621094
'TestCinemas/Random/120\\random_nrc_10_12_pe_80.0%_po_50.0%_5.txt', 7, 7, 0.0010001659393310547, 0.0019998550415039062
'TestCinemas/Random/120\\random_nrc_10_12_pe_80.0%_po_70.0%_1.txt', 12, 12, 0.003000497817993164, 0.0030012130737304688
'TestCinemas/Random/120\\random_nrc_10_12_pe_80.0%_po_70.0%_2.txt', 5, 5, 0.0020012855529785156, 0.0019981861114501953
'TestCinemas/Random/120\\random_nrc_10_12_pe_80.0%_po_70.0%_3.txt', 8, 8, 0.0020012855529785156, 0.002997875213623047
'TestCinemas/Random/120\\random_nrc_10_12_pe_80.0%_po_70.0%_4.txt', 13, 13, 0.0050013065338134766, 0.006002187728881836
'TestCinemas/Random/120\\random_nrc_10_12_pe_80.0%_po_70.0%_5.txt', 9, 9, 0.002001047134399414, 0.0030002593994140625
'TestCinemas/Random/120\\random_nrc_10_12_pe_80.0%_po_90.0%_1.txt', 13, 13, 0.003003835678100586, 0.0029990673065185547
'TestCinemas/Random/120\\random_nrc_10_12_pe_80.0%_po_90.0%_2.txt', 8, 8, 0.0030007362365722656, 0.0029997825622558594
'TestCinemas/Random/120\\random_nrc_10_12_pe_80.0%_po_90.0%_3.txt', 6, 6, 0.0030002593994140625, 0.003999233245849609
'TestCinemas/Random/120\\random_nrc_10_12_pe_80.0%_po_90.0%_4.txt', 10, 10, 0.003000020980834961, 0.003001689910888672
'TestCinemas/Random/120\\random_nrc_10_12_pe_80.0%_po_90.0%_5.txt', 9, 9, 0.00400090217590332, 0.004998445510864258
