'TestCinemas/Random/80\\random_nrc_16_5_pe_0%_po_30.0%_1.txt', 24, 24, 0.007000446319580078, 0.012000799179077148
'TestCinemas/Random/80\\random_nrc_16_5_pe_0%_po_30.0%_2.txt', 24, 24, 0.007003068923950195, 0.11699986457824707
'TestCinemas/Random/80\\random_nrc_16_5_pe_0%_po_30.0%_3.txt', 24, 24, 0.007002592086791992, 0.12199783325195312
'TestCinemas/Random/80\\random_nrc_16_5_pe_0%_po_30.0%_4.txt', 24, 24, 0.007002353668212891, 0.008998632431030273
'TestCinemas/Random/80\\random_nrc_16_5_pe_0%_po_30.0%_5.txt', 24, 24, 0.006996631622314453, 0.013002634048461914
'TestCinemas/Random/80\\random_nrc_16_5_pe_0%_po_50.0%_1.txt', 28, 28, 0.008997917175292969, 0.01400136947631836
'TestCinemas/Random/80\\random_nrc_16_5_pe_0%_po_50.0%_2.txt', 28, 28, 0.008000373840332031, 0.01399850845336914
'TestCinemas/Random/80\\random_nrc_16_5_pe_0%_po_50.0%_3.txt', 29, 29, 0.009000301361083984, 0.011998414993286133
'TestCinemas/Random/80\\random_nrc_16_5_pe_0%_po_50.0%_4.txt', 28, 28, 0.007999420166015625, 0.010999917984008789
'TestCinemas/Random/80\\random_nrc_16_5_pe_0%_po_50.0%_5.txt', 29, 29, 0.009000301361083984, 0.11901450157165527
'TestCinemas/Random/80\\random_nrc_16_5_pe_0%_po_70.0%_1.txt', 31, 31, 0.011000394821166992, 0.03099966049194336
'TestCinemas/Random/80\\random_nrc_16_5_pe_0%_po_70.0%_2.txt', 32, 32, 0.01000213623046875, 0.03300023078918457
'TestCinemas/Random/80\\random_nrc_16_5_pe_0%_po_70.0%_3.txt', 27, 27, 0.010999202728271484, 0.014003753662109375
'TestCinemas/Random/80\\random_nrc_16_5_pe_0%_po_70.0%_4.txt', 34, 36, 0.01001286506652832, 0.05099916458129883
'TestCinemas/Random/80\\random_nrc_16_5_pe_0%_po_70.0%_5.txt', 35, 35, 0.01000523567199707, 0.19001340866088867
'TestCinemas/Random/80\\random_nrc_16_5_pe_0%_po_90.0%_1.txt', 32, 32, 0.01199650764465332, 0.03501009941101074
'TestCinemas/Random/80\\random_nrc_16_5_pe_0%_po_90.0%_2.txt', 40, 39, 0.009999752044677734, 0.245025634765625
'TestCinemas/Random/80\\random_nrc_16_5_pe_0%_po_90.0%_3.txt', 34, 34, 0.01100015640258789, 0.02601480484008789
'TestCinemas/Random/80\\random_nrc_16_5_pe_0%_po_90.0%_4.txt', 32, 32, 0.01200103759765625, 0.03900027275085449
'TestCinemas/Random/80\\random_nrc_16_5_pe_0%_po_90.0%_5.txt', 31, 31, 0.012000322341918945, 0.1310129165649414
'TestCinemas/Random/80\\random_nrc_16_5_pe_20.0%_po_30.0%_1.txt', 20, 20, 0.004998922348022461, 0.01299905776977539
'TestCinemas/Random/80\\random_nrc_16_5_pe_20.0%_po_30.0%_2.txt', 20, 20, 0.004998445510864258, 0.006998538970947266
'TestCinemas/Random/80\\random_nrc_16_5_pe_20.0%_po_30.0%_3.txt', 18, 18, 0.0039997100830078125, 0.004999876022338867
'TestCinemas/Random/80\\random_nrc_16_5_pe_20.0%_po_30.0%_4.txt', 20, 20, 0.003999948501586914, 0.008000612258911133
'TestCinemas/Random/80\\random_nrc_16_5_pe_20.0%_po_30.0%_5.txt', 18, 18, 0.004000663757324219, 0.004999637603759766
'TestCinemas/Random/80\\random_nrc_16_5_pe_20.0%_po_50.0%_1.txt', 25, 25, 0.0050008296966552734, 0.008999824523925781
'TestCinemas/Random/80\\random_nrc_16_5_pe_20.0%_po_50.0%_2.txt', 24, 24, 0.005001068115234375, 0.01800060272216797
'TestCinemas/Random/80\\random_nrc_16_5_pe_20.0%_po_50.0%_3.txt', 25, 25, 0.0050013065338134766, 0.009000062942504883
'TestCinemas/Random/80\\random_nrc_16_5_pe_20.0%_po_50.0%_4.txt', 29, 29, 0.007010936737060547, 0.011999130249023438
'TestCinemas/Random/80\\random_nrc_16_5_pe_20.0%_po_50.0%_5.txt', 28, 30, 0.003998756408691406, 0.07900238037109375
'TestCinemas/Random/80\\random_nrc_16_5_pe_20.0%_po_70.0%_1.txt', 24, 24, 0.004999876022338867, 0.009004592895507812
'TestCinemas/Random/80\\random_nrc_16_5_pe_20.0%_po_70.0%_2.txt', 24, 24, 0.0070002079010009766, 0.009000301361083984
'TestCinemas/Random/80\\random_nrc_16_5_pe_20.0%_po_70.0%_3.txt', 26, 28, 0.005996227264404297, 0.020001888275146484
'TestCinemas/Random/80\\random_nrc_16_5_pe_20.0%_po_70.0%_4.txt', 26, 26, 0.0070018768310546875, 0.013997077941894531
'TestCinemas/Random/80\\random_nrc_16_5_pe_20.0%_po_70.0%_5.txt', 27, 29, 0.004998207092285156, 0.0860137939453125
'TestCinemas/Random/80\\random_nrc_16_5_pe_20.0%_po_90.0%_1.txt', 27, 27, 0.010000228881835938, 0.017999887466430664
'TestCinemas/Random/80\\random_nrc_16_5_pe_20.0%_po_90.0%_2.txt', 36, 36, 0.007001161575317383, 0.14602184295654297
'TestCinemas/Random/80\\random_nrc_16_5_pe_20.0%_po_90.0%_3.txt', 27, 28, 0.0060002803802490234, 0.0200040340423584
'TestCinemas/Random/80\\random_nrc_16_5_pe_20.0%_po_90.0%_4.txt', 28, 28, 0.007998228073120117, 0.010004043579101562
'TestCinemas/Random/80\\random_nrc_16_5_pe_20.0%_po_90.0%_5.txt', 29, 30, 0.004997730255126953, 0.07899928092956543
'TestCinemas/Random/80\\random_nrc_16_5_pe_40.0%_po_30.0%_1.txt', 13, 13, 0.0019991397857666016, 0.005001068115234375
'TestCinemas/Random/80\\random_nrc_16_5_pe_40.0%_po_30.0%_2.txt', 16, 16, 0.002999544143676758, 0.004998445510864258
'TestCinemas/Random/80\\random_nrc_16_5_pe_40.0%_po_30.0%_3.txt', 14, 14, 0.0029997825622558594, 0.004002809524536133
'TestCinemas/Random/80\\random_nrc_16_5_pe_40.0%_po_30.0%_4.txt', 13, 13, 0.002000570297241211, 0.0059986114501953125
'TestCinemas/Random/80\\random_nrc_16_5_pe_40.0%_po_30.0%_5.txt', 14, 14, 0.001996755599975586, 0.049002885818481445
'TestCinemas/Random/80\\random_nrc_16_5_pe_40.0%_po_50.0%_1.txt', 15, 15, 0.0029964447021484375, 0.005001068115234375
'TestCinemas/Random/80\\random_nrc_16_5_pe_40.0%_po_50.0%_2.txt', 21, 21, 0.002998828887939453, 0.004999637603759766
'TestCinemas/Random/80\\random_nrc_16_5_pe_40.0%_po_50.0%_3.txt', 16, 16, 0.003000020980834961, 0.005004167556762695
'TestCinemas/Random/80\\random_nrc_16_5_pe_40.0%_po_50.0%_4.txt', 17, 17, 0.0030002593994140625, 0.004000663757324219
'TestCinemas/Random/80\\random_nrc_16_5_pe_40.0%_po_50.0%_5.txt', 19, 19, 0.002997159957885742, 0.005002021789550781
'TestCinemas/Random/80\\random_nrc_16_5_pe_40.0%_po_70.0%_1.txt', 22, 22, 0.0030002593994140625, 0.009000539779663086
'TestCinemas/Random/80\\random_nrc_16_5_pe_40.0%_po_70.0%_2.txt', 17, 17, 0.003998517990112305, 0.0060002803802490234
'TestCinemas/Random/80\\random_nrc_16_5_pe_40.0%_po_70.0%_3.txt', 24, 24, 0.004001617431640625, 0.008998394012451172
'TestCinemas/Random/80\\random_nrc_16_5_pe_40.0%_po_70.0%_4.txt', 22, 23, 0.0029990673065185547, 0.008002519607543945
'TestCinemas/Random/80\\random_nrc_16_5_pe_40.0%_po_70.0%_5.txt', 25, 25, 0.005001544952392578, 0.009999990463256836
'TestCinemas/Random/80\\random_nrc_16_5_pe_40.0%_po_90.0%_1.txt', 21, 19, 0.004000425338745117, 0.0050046443939208984
'TestCinemas/Random/80\\random_nrc_16_5_pe_40.0%_po_90.0%_2.txt', 23, 23, 0.003999471664428711, 0.008000373840332031
'TestCinemas/Random/80\\random_nrc_16_5_pe_40.0%_po_90.0%_3.txt', 29, 27, 0.004001140594482422, 0.02199554443359375
'TestCinemas/Random/80\\random_nrc_16_5_pe_40.0%_po_90.0%_4.txt', 18, 20, 0.003000974655151367, 0.007999181747436523
'TestCinemas/Random/80\\random_nrc_16_5_pe_40.0%_po_90.0%_5.txt', 19, 22, 0.0029993057250976562, 0.005998849868774414
'TestCinemas/Random/80\\random_nrc_16_5_pe_60.0%_po_30.0%_1.txt', 10, 10, 0.0009996891021728516, 0.0020012855529785156
'TestCinemas/Random/80\\random_nrc_16_5_pe_60.0%_po_30.0%_2.txt', 10, 10, 0.0020003318786621094, 0.0020024776458740234
'TestCinemas/Random/80\\random_nrc_16_5_pe_60.0%_po_30.0%_3.txt', 7, 7, 0.0009987354278564453, 0.00099945068359375
'TestCinemas/Random/80\\random_nrc_16_5_pe_60.0%_po_30.0%_4.txt', 10, 10, 0.0009989738464355469, 0.0020003318786621094
'TestCinemas/Random/80\\random_nrc_16_5_pe_60.0%_po_30.0%_5.txt', 9, 9, 0.0009970664978027344, 0.0009999275207519531
'TestCinemas/Random/80\\random_nrc_16_5_pe_60.0%_po_50.0%_1.txt', 10, 10, 0.0020012855529785156, 0.002001047134399414
'TestCinemas/Random/80\\random_nrc_16_5_pe_60.0%_po_50.0%_2.txt', 18, 18, 0.0020020008087158203, 0.002997875213623047
'TestCinemas/Random/80\\random_nrc_16_5_pe_60.0%_po_50.0%_3.txt', 16, 16, 0.0020003318786621094, 0.002999544143676758
'TestCinemas/Random/80\\random_nrc_16_5_pe_60.0%_po_50.0%_4.txt', 15, 15, 0.0019979476928710938, 0.0029997825622558594
'TestCinemas/Random/80\\random_nrc_16_5_pe_60.0%_po_50.0%_5.txt', 9, 9, 0.0010030269622802734, 0.0009982585906982422
'TestCinemas/Random/80\\random_nrc_16_5_pe_60.0%_po_70.0%_1.txt', 14, 16, 0.0010004043579101562, 0.002999544143676758
'TestCinemas/Random/80\\random_nrc_16_5_pe_60.0%_po_70.0%_2.txt', 14, 14, 0.001998424530029297, 0.003002166748046875
'TestCinemas/Random/80\\random_nrc_16_5_pe_60.0%_po_70.0%_3.txt', 17, 17, 0.0029993057250976562, 0.0029997825622558594
'TestCinemas/Random/80\\random_nrc_16_5_pe_60.0%_po_70.0%_4.txt', 15, 15, 0.0019996166229248047, 0.004000425338745117
'TestCinemas/Random/80\\random_nrc_16_5_pe_60.0%_po_70.0%_5.txt', 16, 16, 0.002004384994506836, 0.0039975643157958984
'TestCinemas/Random/80\\random_nrc_16_5_pe_60.0%_po_90.0%_1.txt', 15, 15, 0.0020008087158203125, 0.0029981136322021484
'TestCinemas/Random/80\\random_nrc_16_5_pe_60.0%_po_90.0%_2.txt', 10, 10, 0.002000093460083008, 0.002999544143676758
'TestCinemas/Random/80\\random_nrc_16_5_pe_60.0%_po_90.0%_3.txt', 16, 16, 0.0020008087158203125, 0.0050029754638671875
'TestCinemas/Random/80\\random_nrc_16_5_pe_60.0%_po_90.0%_4.txt', 10, 10, 0.0030007362365722656, 0.0030014514923095703
'TestCinemas/Random/80\\random_nrc_16_5_pe_60.0%_po_90.0%_5.txt', 15, 18, 0.0039997100830078125, 0.006001949310302734
'TestCinemas/Random/80\\random_nrc_16_5_pe_80.0%_po_30.0%_1.txt', 5, 5, 0.0010006427764892578, 0.0009999275207519531
'TestCinemas/Random/80\\random_nrc_16_5_pe_80.0%_po_30.0%_2.txt', 3, 3, 0.0, 0.0
'TestCinemas/Random/80\\random_nrc_16_5_pe_80.0%_po_30.0%_3.txt', 6, 6, 0.0010018348693847656, 0.0
'TestCinemas/Random/80\\random_nrc_16_5_pe_80.0%_po_30.0%_4.txt', 3, 3, 0.0010001659393310547, 0.0
'TestCinemas/Random/80\\random_nrc_16_5_pe_80.0%_po_30.0%_5.txt', 8, 8, 0.0010004043579101562, 0.0019981861114501953
'TestCinemas/Random/80\\random_nrc_16_5_pe_80.0%_po_50.0%_1.txt', 7, 7, 0.0010006427764892578, 0.0009999275207519531
'TestCinemas/Random/80\\random_nrc_16_5_pe_80.0%_po_50.0%_2.txt', 6, 6, 0.0, 0.0009992122650146484
'TestCinemas/Random/80\\random_nrc_16_5_pe_80.0%_po_50.0%_3.txt', 4, 4, 0.0010001659393310547, 0.0
'TestCinemas/Random/80\\random_nrc_16_5_pe_80.0%_po_50.0%_4.txt', 3, 3, 0.0, 0.0010001659393310547
'TestCinemas/Random/80\\random_nrc_16_5_pe_80.0%_po_50.0%_5.txt', 6, 6, 0.0009996891021728516, 0.0009989738464355469
'TestCinemas/Random/80\\random_nrc_16_5_pe_80.0%_po_70.0%_1.txt', 8, 8, 0.0009999275207519531, 0.0010023117065429688
'TestCinemas/Random/80\\random_nrc_16_5_pe_80.0%_po_70.0%_2.txt', 10, 10, 0.0010006427764892578, 0.0009996891021728516
'TestCinemas/Random/80\\random_nrc_16_5_pe_80.0%_po_70.0%_3.txt', 9, 9, 0.0009980201721191406, 0.0009996891021728516
'TestCinemas/Random/80\\random_nrc_16_5_pe_80.0%_po_70.0%_4.txt', 5, 5, 0.0010006427764892578, 0.002001523971557617
'TestCinemas/Random/80\\random_nrc_16_5_pe_80.0%_po_70.0%_5.txt', 6, 6, 0.0010018348693847656, 0.001997709274291992
'TestCinemas/Random/80\\random_nrc_16_5_pe_80.0%_po_90.0%_1.txt', 9, 9, 0.0010004043579101562, 0.002002716064453125
'TestCinemas/Random/80\\random_nrc_16_5_pe_80.0%_po_90.0%_2.txt', 4, 4, 0.0, 0.0009999275207519531
'TestCinemas/Random/80\\random_nrc_16_5_pe_80.0%_po_90.0%_3.txt', 8, 8, 0.0009992122650146484, 0.0010008811950683594
'TestCinemas/Random/80\\random_nrc_16_5_pe_80.0%_po_90.0%_4.txt', 8, 8, 0.001001119613647461, 0.0019991397857666016
'TestCinemas/Random/80\\random_nrc_16_5_pe_80.0%_po_90.0%_5.txt', 6, 6, 0.0009996891021728516, 0.0019986629486083984
