'TestCinemas/Random/500\\random_nrc_25_20_pe_0%_po_30.0%_1.txt', 150, 150, 0.29101133346557617, 2.4130489826202393
'TestCinemas/Random/500\\random_nrc_25_20_pe_0%_po_30.0%_2.txt', 150, 150, 0.28099918365478516, 0.6179993152618408
'TestCinemas/Random/500\\random_nrc_25_20_pe_0%_po_30.0%_3.txt', 150, 150, 0.30299997329711914, 2.2131905555725098
'TestCinemas/Random/500\\random_nrc_25_20_pe_0%_po_30.0%_4.txt', 147, 147, 0.29399657249450684, 1.2939987182617188
'TestCinemas/Random/500\\random_nrc_25_20_pe_0%_po_30.0%_5.txt', 150, 150, 0.28800058364868164, 0.8508181571960449
'TestCinemas/Random/500\\random_nrc_25_20_pe_0%_po_50.0%_1.txt', 161, 161, 0.3749983310699463, 1.6120014190673828
'TestCinemas/Random/500\\random_nrc_25_20_pe_0%_po_50.0%_2.txt', 162, 168, 0.3699982166290283, 1.5550010204315186
'TestCinemas/Random/500\\random_nrc_25_20_pe_0%_po_50.0%_3.txt', 160, 165, 0.3750007152557373, 2.3542566299438477
'TestCinemas/Random/500\\random_nrc_25_20_pe_0%_po_50.0%_4.txt', 156, 156, 0.3630034923553467, 2.2990221977233887
'TestCinemas/Random/500\\random_nrc_25_20_pe_0%_po_50.0%_5.txt', 160, 163, 0.3659987449645996, 2.266000986099243
'TestCinemas/Random/500\\random_nrc_25_20_pe_0%_po_70.0%_1.txt', 169, 168, 0.4380011558532715, 3.975039005279541
'TestCinemas/Random/500\\random_nrc_25_20_pe_0%_po_70.0%_2.txt', 166, 168, 0.4480009078979492, 1.8330011367797852
'TestCinemas/Random/500\\random_nrc_25_20_pe_0%_po_70.0%_3.txt', 174, 174, 0.428009033203125, 2.8380513191223145
'TestCinemas/Random/500\\random_nrc_25_20_pe_0%_po_70.0%_4.txt', 176, 175, 0.43000125885009766, 4.902002573013306
'TestCinemas/Random/500\\random_nrc_25_20_pe_0%_po_70.0%_5.txt', 169, 172, 0.4330017566680908, 3.4969987869262695
'TestCinemas/Random/500\\random_nrc_25_20_pe_0%_po_90.0%_1.txt', 176, 177, 0.4929966926574707, 4.891001224517822
'TestCinemas/Random/500\\random_nrc_25_20_pe_0%_po_90.0%_2.txt', 173, 177, 0.4959993362426758, 4.066000461578369
'TestCinemas/Random/500\\random_nrc_25_20_pe_0%_po_90.0%_3.txt', 175, 178, 0.4850025177001953, 4.844998836517334
'TestCinemas/Random/500\\random_nrc_25_20_pe_0%_po_90.0%_4.txt', 179, 181, 0.4629983901977539, 4.2700114250183105
'TestCinemas/Random/500\\random_nrc_25_20_pe_0%_po_90.0%_5.txt', 175, 176, 0.46601057052612305, 4.022448778152466
'TestCinemas/Random/500\\random_nrc_25_20_pe_20.0%_po_30.0%_1.txt', 121, 121, 0.1620008945465088, 0.4889998435974121
'TestCinemas/Random/500\\random_nrc_25_20_pe_20.0%_po_30.0%_2.txt', 116, 116, 0.16100025177001953, 0.31400132179260254
'TestCinemas/Random/500\\random_nrc_25_20_pe_20.0%_po_30.0%_3.txt', 120, 120, 0.16500282287597656, 1.3889999389648438
'TestCinemas/Random/500\\random_nrc_25_20_pe_20.0%_po_30.0%_4.txt', 121, 121, 0.15799832344055176, 1.029001235961914
'TestCinemas/Random/500\\random_nrc_25_20_pe_20.0%_po_30.0%_5.txt', 119, 119, 0.15400266647338867, 0.8599977493286133
'TestCinemas/Random/500\\random_nrc_25_20_pe_20.0%_po_50.0%_1.txt', 144, 148, 0.21900224685668945, 1.5869996547698975
'TestCinemas/Random/500\\random_nrc_25_20_pe_20.0%_po_50.0%_2.txt', 143, 143, 0.18200230598449707, 1.7209980487823486
'TestCinemas/Random/500\\random_nrc_25_20_pe_20.0%_po_50.0%_3.txt', 147, 142, 0.21400141716003418, 0.43799805641174316
'TestCinemas/Random/500\\random_nrc_25_20_pe_20.0%_po_50.0%_4.txt', 143, 143, 0.21899652481079102, 0.9010000228881836
'TestCinemas/Random/500\\random_nrc_25_20_pe_20.0%_po_50.0%_5.txt', 147, 151, 0.20600223541259766, 2.0069973468780518
'TestCinemas/Random/500\\random_nrc_25_20_pe_20.0%_po_70.0%_1.txt', 152, 155, 0.21900320053100586, 2.017998695373535
'TestCinemas/Random/500\\random_nrc_25_20_pe_20.0%_po_70.0%_2.txt', 151, 149, 0.2369999885559082, 2.025998830795288
'TestCinemas/Random/500\\random_nrc_25_20_pe_20.0%_po_70.0%_3.txt', 149, 155, 0.2449965476989746, 2.138000726699829
'TestCinemas/Random/500\\random_nrc_25_20_pe_20.0%_po_70.0%_4.txt', 147, 152, 0.22699999809265137, 2.0020015239715576
'TestCinemas/Random/500\\random_nrc_25_20_pe_20.0%_po_70.0%_5.txt', 148, 154, 0.25699925422668457, 1.6680004596710205
'TestCinemas/Random/500\\random_nrc_25_20_pe_20.0%_po_90.0%_1.txt', 158, 162, 0.26399850845336914, 2.712999105453491
'TestCinemas/Random/500\\random_nrc_25_20_pe_20.0%_po_90.0%_2.txt', 158, 163, 0.26599931716918945, 1.3290224075317383
'TestCinemas/Random/500\\random_nrc_25_20_pe_20.0%_po_90.0%_3.txt', 149, 153, 0.26399993896484375, 2.0730011463165283
'TestCinemas/Random/500\\random_nrc_25_20_pe_20.0%_po_90.0%_4.txt', 170, 170, 0.26199865341186523, 4.241001605987549
'TestCinemas/Random/500\\random_nrc_25_20_pe_20.0%_po_90.0%_5.txt', 157, 157, 0.270003080368042, 2.131998300552368
'TestCinemas/Random/500\\random_nrc_25_20_pe_40.0%_po_30.0%_1.txt', 97, 97, 0.11699938774108887, 0.24100160598754883
'TestCinemas/Random/500\\random_nrc_25_20_pe_40.0%_po_30.0%_2.txt', 87, 87, 0.08700084686279297, 0.16800212860107422
'TestCinemas/Random/500\\random_nrc_25_20_pe_40.0%_po_30.0%_3.txt', 88, 88, 0.07400226593017578, 0.5169992446899414
'TestCinemas/Random/500\\random_nrc_25_20_pe_40.0%_po_30.0%_4.txt', 85, 85, 0.07700157165527344, 0.23599839210510254
'TestCinemas/Random/500\\random_nrc_25_20_pe_40.0%_po_30.0%_5.txt', 89, 89, 0.08499979972839355, 0.4649991989135742
'TestCinemas/Random/500\\random_nrc_25_20_pe_40.0%_po_50.0%_1.txt', 127, 130, 0.1080012321472168, 0.5799987316131592
'TestCinemas/Random/500\\random_nrc_25_20_pe_40.0%_po_50.0%_2.txt', 130, 133, 0.08760714530944824, 1.0649993419647217
'TestCinemas/Random/500\\random_nrc_25_20_pe_40.0%_po_50.0%_3.txt', 125, 133, 0.10300159454345703, 0.959998369216919
'TestCinemas/Random/500\\random_nrc_25_20_pe_40.0%_po_50.0%_4.txt', 128, 130, 0.13000106811523438, 0.6460003852844238
'TestCinemas/Random/500\\random_nrc_25_20_pe_40.0%_po_50.0%_5.txt', 122, 124, 0.11299943923950195, 0.5160002708435059
'TestCinemas/Random/500\\random_nrc_25_20_pe_40.0%_po_70.0%_1.txt', 128, 135, 0.1230003833770752, 0.913999080657959
'TestCinemas/Random/500\\random_nrc_25_20_pe_40.0%_po_70.0%_2.txt', 117, 121, 0.1380014419555664, 0.34200239181518555
'TestCinemas/Random/500\\random_nrc_25_20_pe_40.0%_po_70.0%_3.txt', 118, 116, 0.13099932670593262, 0.21899867057800293
'TestCinemas/Random/500\\random_nrc_25_20_pe_40.0%_po_70.0%_4.txt', 130, 133, 0.14799833297729492, 0.3510010242462158
'TestCinemas/Random/500\\random_nrc_25_20_pe_40.0%_po_70.0%_5.txt', 130, 135, 0.15300202369689941, 1.0087926387786865
'TestCinemas/Random/500\\random_nrc_25_20_pe_40.0%_po_90.0%_1.txt', 130, 142, 0.13699936866760254, 1.876002311706543
'TestCinemas/Random/500\\random_nrc_25_20_pe_40.0%_po_90.0%_2.txt', 122, 131, 0.12400054931640625, 0.8220000267028809
'TestCinemas/Random/500\\random_nrc_25_20_pe_40.0%_po_90.0%_3.txt', 136, 132, 0.1680004596710205, 0.3739969730377197
'TestCinemas/Random/500\\random_nrc_25_20_pe_40.0%_po_90.0%_4.txt', 138, 142, 0.17500042915344238, 1.1770009994506836
'TestCinemas/Random/500\\random_nrc_25_20_pe_40.0%_po_90.0%_5.txt', 135, 145, 0.15400147438049316, 0.8659968376159668
'TestCinemas/Random/500\\random_nrc_25_20_pe_60.0%_po_30.0%_1.txt', 56, 56, 0.03900289535522461, 0.0749971866607666
'TestCinemas/Random/500\\random_nrc_25_20_pe_60.0%_po_30.0%_2.txt', 64, 64, 0.04000258445739746, 0.12799644470214844
'TestCinemas/Random/500\\random_nrc_25_20_pe_60.0%_po_30.0%_3.txt', 65, 65, 0.04900050163269043, 0.10399842262268066
'TestCinemas/Random/500\\random_nrc_25_20_pe_60.0%_po_30.0%_4.txt', 62, 62, 0.04800057411193848, 0.09199905395507812
'TestCinemas/Random/500\\random_nrc_25_20_pe_60.0%_po_30.0%_5.txt', 61, 61, 0.03700113296508789, 0.24000024795532227
'TestCinemas/Random/500\\random_nrc_25_20_pe_60.0%_po_50.0%_1.txt', 102, 106, 0.07200074195861816, 0.11800146102905273
'TestCinemas/Random/500\\random_nrc_25_20_pe_60.0%_po_50.0%_2.txt', 79, 81, 0.05000019073486328, 0.08799886703491211
'TestCinemas/Random/500\\random_nrc_25_20_pe_60.0%_po_50.0%_3.txt', 92, 94, 0.061000823974609375, 0.17299985885620117
'TestCinemas/Random/500\\random_nrc_25_20_pe_60.0%_po_50.0%_4.txt', 92, 92, 0.06799912452697754, 0.12199950218200684
'TestCinemas/Random/500\\random_nrc_25_20_pe_60.0%_po_50.0%_5.txt', 70, 70, 0.05399942398071289, 0.07799935340881348
'TestCinemas/Random/500\\random_nrc_25_20_pe_60.0%_po_70.0%_1.txt', 91, 91, 0.07500123977661133, 0.1269979476928711
'TestCinemas/Random/500\\random_nrc_25_20_pe_60.0%_po_70.0%_2.txt', 102, 104, 0.08100295066833496, 0.12599730491638184
'TestCinemas/Random/500\\random_nrc_25_20_pe_60.0%_po_70.0%_3.txt', 92, 96, 0.07600212097167969, 0.12599802017211914
'TestCinemas/Random/500\\random_nrc_25_20_pe_60.0%_po_70.0%_4.txt', 107, 106, 0.08100008964538574, 0.17300033569335938
'TestCinemas/Random/500\\random_nrc_25_20_pe_60.0%_po_70.0%_5.txt', 83, 84, 0.07000136375427246, 0.13299918174743652
'TestCinemas/Random/500\\random_nrc_25_20_pe_60.0%_po_90.0%_1.txt', 100, 102, 0.10600495338439941, 0.16399693489074707
'TestCinemas/Random/500\\random_nrc_25_20_pe_60.0%_po_90.0%_2.txt', 94, 96, 0.0890047550201416, 0.13599729537963867
'TestCinemas/Random/500\\random_nrc_25_20_pe_60.0%_po_90.0%_3.txt', 95, 96, 0.08499908447265625, 0.19500017166137695
'TestCinemas/Random/500\\random_nrc_25_20_pe_60.0%_po_90.0%_4.txt', 98, 97, 0.08800172805786133, 0.13400030136108398
'TestCinemas/Random/500\\random_nrc_25_20_pe_60.0%_po_90.0%_5.txt', 98, 103, 0.09399867057800293, 0.14999985694885254
'TestCinemas/Random/500\\random_nrc_25_20_pe_80.0%_po_30.0%_1.txt', 32, 32, 0.014000654220581055, 0.024002790451049805
'TestCinemas/Random/500\\random_nrc_25_20_pe_80.0%_po_30.0%_2.txt', 25, 25, 0.011001348495483398, 0.02000284194946289
'TestCinemas/Random/500\\random_nrc_25_20_pe_80.0%_po_30.0%_3.txt', 32, 32, 0.01599884033203125, 0.024003982543945312
'TestCinemas/Random/500\\random_nrc_25_20_pe_80.0%_po_30.0%_4.txt', 32, 32, 0.015999555587768555, 0.02299976348876953
'TestCinemas/Random/500\\random_nrc_25_20_pe_80.0%_po_30.0%_5.txt', 34, 34, 0.014998674392700195, 0.024998903274536133
'TestCinemas/Random/500\\random_nrc_25_20_pe_80.0%_po_50.0%_1.txt', 36, 36, 0.023999452590942383, 0.03200101852416992
'TestCinemas/Random/500\\random_nrc_25_20_pe_80.0%_po_50.0%_2.txt', 24, 24, 0.01999950408935547, 0.029998302459716797
'TestCinemas/Random/500\\random_nrc_25_20_pe_80.0%_po_50.0%_3.txt', 26, 26, 0.022002696990966797, 0.029999732971191406
'TestCinemas/Random/500\\random_nrc_25_20_pe_80.0%_po_50.0%_4.txt', 30, 30, 0.01800251007080078, 0.02599811553955078
'TestCinemas/Random/500\\random_nrc_25_20_pe_80.0%_po_50.0%_5.txt', 34, 34, 0.020997047424316406, 0.029999732971191406
'TestCinemas/Random/500\\random_nrc_25_20_pe_80.0%_po_70.0%_1.txt', 44, 44, 0.031000852584838867, 0.04899907112121582
'TestCinemas/Random/500\\random_nrc_25_20_pe_80.0%_po_70.0%_2.txt', 40, 40, 0.026998043060302734, 0.037004709243774414
'TestCinemas/Random/500\\random_nrc_25_20_pe_80.0%_po_70.0%_3.txt', 29, 29, 0.026000499725341797, 0.039000749588012695
'TestCinemas/Random/500\\random_nrc_25_20_pe_80.0%_po_70.0%_4.txt', 46, 48, 0.029000520706176758, 0.03800034523010254
'TestCinemas/Random/500\\random_nrc_25_20_pe_80.0%_po_70.0%_5.txt', 29, 29, 0.020998001098632812, 0.03100275993347168
'TestCinemas/Random/500\\random_nrc_25_20_pe_80.0%_po_90.0%_1.txt', 47, 47, 0.037999868392944336, 0.06200218200683594
'TestCinemas/Random/500\\random_nrc_25_20_pe_80.0%_po_90.0%_2.txt', 31, 31, 0.03399825096130371, 0.04700207710266113
'TestCinemas/Random/500\\random_nrc_25_20_pe_80.0%_po_90.0%_3.txt', 41, 42, 0.03599977493286133, 0.05899930000305176
'TestCinemas/Random/500\\random_nrc_25_20_pe_80.0%_po_90.0%_4.txt', 38, 38, 0.03400087356567383, 0.04599952697753906
'TestCinemas/Random/500\\random_nrc_25_20_pe_80.0%_po_90.0%_5.txt', 44, 44, 0.034000396728515625, 0.04699873924255371
