'TestCinemas/Random/700\\random_nrc_35_20_pe_0%_po_30.0%_1.txt', 209, 209, 0.5509994029998779, 3.5831546783447266
'TestCinemas/Random/700\\random_nrc_35_20_pe_0%_po_30.0%_2.txt', 200, 200, 0.5540144443511963, 3.34407901763916
'TestCinemas/Random/700\\random_nrc_35_20_pe_0%_po_30.0%_3.txt', 200, 200, 0.5689985752105713, 4.456955194473267
'TestCinemas/Random/700\\random_nrc_35_20_pe_0%_po_30.0%_4.txt', 197, 197, 0.5540127754211426, 0.9480104446411133
'TestCinemas/Random/700\\random_nrc_35_20_pe_0%_po_30.0%_5.txt', 203, 203, 0.5529987812042236, 3.470067024230957
'TestCinemas/Random/700\\random_nrc_35_20_pe_0%_po_50.0%_1.txt', 219, 218, 0.6790146827697754, 2.636049509048462
'TestCinemas/Random/700\\random_nrc_35_20_pe_0%_po_50.0%_2.txt', 217, 227, 0.708000898361206, 6.146000862121582
'TestCinemas/Random/700\\random_nrc_35_20_pe_0%_po_50.0%_3.txt', 226, 228, 0.7059988975524902, 5.237001657485962
'TestCinemas/Random/700\\random_nrc_35_20_pe_0%_po_50.0%_4.txt', 226, 227, 0.7200260162353516, 6.576444864273071
'TestCinemas/Random/700\\random_nrc_35_20_pe_0%_po_50.0%_5.txt', 223, 227, 0.7059991359710693, 2.9180819988250732
'TestCinemas/Random/700\\random_nrc_35_20_pe_0%_po_70.0%_1.txt', 226, 232, 0.8229990005493164, 4.101999759674072
'TestCinemas/Random/700\\random_nrc_35_20_pe_0%_po_70.0%_2.txt', 228, 230, 0.8460023403167725, 4.162999629974365
'TestCinemas/Random/700\\random_nrc_35_20_pe_0%_po_70.0%_3.txt', 218, 218, 0.8293576240539551, 1.9110102653503418
'TestCinemas/Random/700\\random_nrc_35_20_pe_0%_po_70.0%_4.txt', 236, 237, 0.8160021305084229, 4.144000291824341
'TestCinemas/Random/700\\random_nrc_35_20_pe_0%_po_70.0%_5.txt', 236, 235, 0.823000431060791, 8.250002145767212
'TestCinemas/Random/700\\random_nrc_35_20_pe_0%_po_90.0%_1.txt', 247, 247, 0.9139997959136963, 7.673088312149048
'TestCinemas/Random/700\\random_nrc_35_20_pe_0%_po_90.0%_2.txt', 246, 248, 0.9090001583099365, 5.873153924942017
'TestCinemas/Random/700\\random_nrc_35_20_pe_0%_po_90.0%_3.txt', 260, 264, 0.8850023746490479, 9.97700023651123
'TestCinemas/Random/700\\random_nrc_35_20_pe_0%_po_90.0%_4.txt', 256, 255, 0.905998945236206, 9.091107368469238
'TestCinemas/Random/700\\random_nrc_35_20_pe_0%_po_90.0%_5.txt', 246, 246, 0.9350004196166992, 5.858087062835693
'TestCinemas/Random/700\\random_nrc_35_20_pe_20.0%_po_30.0%_1.txt', 171, 171, 0.3410012722015381, 1.5549988746643066
'TestCinemas/Random/700\\random_nrc_35_20_pe_20.0%_po_30.0%_2.txt', 168, 168, 0.32199907302856445, 2.125998020172119
'TestCinemas/Random/700\\random_nrc_35_20_pe_20.0%_po_30.0%_3.txt', 166, 166, 0.2989997863769531, 2.3480002880096436
'TestCinemas/Random/700\\random_nrc_35_20_pe_20.0%_po_30.0%_4.txt', 163, 163, 0.28099942207336426, 3.4580001831054688
'TestCinemas/Random/700\\random_nrc_35_20_pe_20.0%_po_30.0%_5.txt', 169, 169, 0.3270092010498047, 2.226046085357666
'TestCinemas/Random/700\\random_nrc_35_20_pe_20.0%_po_50.0%_1.txt', 204, 204, 0.39400243759155273, 2.4029994010925293
'TestCinemas/Random/700\\random_nrc_35_20_pe_20.0%_po_50.0%_2.txt', 201, 201, 0.44699954986572266, 1.866999626159668
'TestCinemas/Random/700\\random_nrc_35_20_pe_20.0%_po_50.0%_3.txt', 188, 186, 0.4460005760192871, 1.51900053024292
'TestCinemas/Random/700\\random_nrc_35_20_pe_20.0%_po_50.0%_4.txt', 199, 209, 0.40200042724609375, 4.379000663757324
'TestCinemas/Random/700\\random_nrc_35_20_pe_20.0%_po_50.0%_5.txt', 196, 201, 0.37800121307373047, 2.984001398086548
'TestCinemas/Random/700\\random_nrc_35_20_pe_20.0%_po_70.0%_1.txt', 205, 216, 0.3880007266998291, 3.6701161861419678
'TestCinemas/Random/700\\random_nrc_35_20_pe_20.0%_po_70.0%_2.txt', 205, 215, 0.4289999008178711, 3.7841312885284424
'TestCinemas/Random/700\\random_nrc_35_20_pe_20.0%_po_70.0%_3.txt', 208, 213, 0.47798776626586914, 3.4600632190704346
'TestCinemas/Random/700\\random_nrc_35_20_pe_20.0%_po_70.0%_4.txt', 208, 213, 0.44699978828430176, 5.243999242782593
'TestCinemas/Random/700\\random_nrc_35_20_pe_20.0%_po_70.0%_5.txt', 217, 216, 0.4960014820098877, 1.9340002536773682
'TestCinemas/Random/700\\random_nrc_35_20_pe_20.0%_po_90.0%_1.txt', 210, 212, 0.532001256942749, 3.3158631324768066
'TestCinemas/Random/700\\random_nrc_35_20_pe_20.0%_po_90.0%_2.txt', 213, 217, 0.5380113124847412, 3.5880649089813232
'TestCinemas/Random/700\\random_nrc_35_20_pe_20.0%_po_90.0%_3.txt', 209, 211, 0.5109972953796387, 3.3141050338745117
'TestCinemas/Random/700\\random_nrc_35_20_pe_20.0%_po_90.0%_4.txt', 219, 230, 0.5170018672943115, 4.863999843597412
'TestCinemas/Random/700\\random_nrc_35_20_pe_20.0%_po_90.0%_5.txt', 221, 227, 0.5439972877502441, 4.482999801635742
'TestCinemas/Random/700\\random_nrc_35_20_pe_40.0%_po_30.0%_1.txt', 129, 129, 0.19099926948547363, 0.831000566482544
'TestCinemas/Random/700\\random_nrc_35_20_pe_40.0%_po_30.0%_2.txt', 127, 127, 0.1810002326965332, 0.8219988346099854
'TestCinemas/Random/700\\random_nrc_35_20_pe_40.0%_po_30.0%_3.txt', 126, 126, 0.1770009994506836, 0.30700206756591797
'TestCinemas/Random/700\\random_nrc_35_20_pe_40.0%_po_30.0%_4.txt', 126, 126, 0.16000032424926758, 1.3180017471313477
'TestCinemas/Random/700\\random_nrc_35_20_pe_40.0%_po_30.0%_5.txt', 131, 131, 0.21300005912780762, 0.3530001640319824
'TestCinemas/Random/700\\random_nrc_35_20_pe_40.0%_po_50.0%_1.txt', 173, 177, 0.23599910736083984, 1.0709986686706543
'TestCinemas/Random/700\\random_nrc_35_20_pe_40.0%_po_50.0%_2.txt', 174, 185, 0.22499942779541016, 2.741002321243286
'TestCinemas/Random/700\\random_nrc_35_20_pe_40.0%_po_50.0%_3.txt', 178, 178, 0.2200016975402832, 2.2130234241485596
'TestCinemas/Random/700\\random_nrc_35_20_pe_40.0%_po_50.0%_4.txt', 168, 169, 0.21100354194641113, 1.0569970607757568
'TestCinemas/Random/700\\random_nrc_35_20_pe_40.0%_po_50.0%_5.txt', 169, 179, 0.2129993438720703, 1.8410344123840332
'TestCinemas/Random/700\\random_nrc_35_20_pe_40.0%_po_70.0%_1.txt', 186, 184, 0.2570314407348633, 2.1320605278015137
'TestCinemas/Random/700\\random_nrc_35_20_pe_40.0%_po_70.0%_2.txt', 175, 175, 0.2779994010925293, 1.8751797676086426
'TestCinemas/Random/700\\random_nrc_35_20_pe_40.0%_po_70.0%_3.txt', 189, 191, 0.3130044937133789, 1.617997646331787
'TestCinemas/Random/700\\random_nrc_35_20_pe_40.0%_po_70.0%_4.txt', 181, 182, 0.26200151443481445, 2.75718355178833
'TestCinemas/Random/700\\random_nrc_35_20_pe_40.0%_po_70.0%_5.txt', 171, 170, 0.28599977493286133, 0.6100027561187744
'TestCinemas/Random/700\\random_nrc_35_20_pe_40.0%_po_90.0%_1.txt', 187, 195, 0.2710154056549072, 2.135019063949585
'TestCinemas/Random/700\\random_nrc_35_20_pe_40.0%_po_90.0%_2.txt', 187, 195, 0.3000006675720215, 3.5050010681152344
'TestCinemas/Random/700\\random_nrc_35_20_pe_40.0%_po_90.0%_3.txt', 188, 185, 0.3059999942779541, 2.0450000762939453
'TestCinemas/Random/700\\random_nrc_35_20_pe_40.0%_po_90.0%_4.txt', 183, 187, 0.31201744079589844, 1.7170133590698242
'TestCinemas/Random/700\\random_nrc_35_20_pe_40.0%_po_90.0%_5.txt', 184, 188, 0.2840118408203125, 1.6030609607696533
'TestCinemas/Random/700\\random_nrc_35_20_pe_60.0%_po_30.0%_1.txt', 82, 82, 0.07901215553283691, 0.3790161609649658
'TestCinemas/Random/700\\random_nrc_35_20_pe_60.0%_po_30.0%_2.txt', 84, 84, 0.0800011157989502, 0.18799757957458496
'TestCinemas/Random/700\\random_nrc_35_20_pe_60.0%_po_30.0%_3.txt', 86, 86, 0.08600330352783203, 0.20399951934814453
'TestCinemas/Random/700\\random_nrc_35_20_pe_60.0%_po_30.0%_4.txt', 75, 75, 0.06200122833251953, 0.12999820709228516
'TestCinemas/Random/700\\random_nrc_35_20_pe_60.0%_po_30.0%_5.txt', 83, 83, 0.08600044250488281, 0.13699698448181152
'TestCinemas/Random/700\\random_nrc_35_20_pe_60.0%_po_50.0%_1.txt', 108, 108, 0.11299777030944824, 0.23800063133239746
'TestCinemas/Random/700\\random_nrc_35_20_pe_60.0%_po_50.0%_2.txt', 124, 122, 0.1119990348815918, 0.1990036964416504
'TestCinemas/Random/700\\random_nrc_35_20_pe_60.0%_po_50.0%_3.txt', 122, 127, 0.1100013256072998, 0.2630021572113037
'TestCinemas/Random/700\\random_nrc_35_20_pe_60.0%_po_50.0%_4.txt', 123, 127, 0.11600208282470703, 0.2650001049041748
'TestCinemas/Random/700\\random_nrc_35_20_pe_60.0%_po_50.0%_5.txt', 114, 120, 0.13200068473815918, 0.22700047492980957
'TestCinemas/Random/700\\random_nrc_35_20_pe_60.0%_po_70.0%_1.txt', 117, 117, 0.13699936866760254, 0.24501299858093262
'TestCinemas/Random/700\\random_nrc_35_20_pe_60.0%_po_70.0%_2.txt', 134, 138, 0.12799763679504395, 0.34999990463256836
'TestCinemas/Random/700\\random_nrc_35_20_pe_60.0%_po_70.0%_3.txt', 117, 121, 0.12199902534484863, 0.2479996681213379
'TestCinemas/Random/700\\random_nrc_35_20_pe_60.0%_po_70.0%_4.txt', 134, 134, 0.1589975357055664, 0.3060164451599121
'TestCinemas/Random/700\\random_nrc_35_20_pe_60.0%_po_70.0%_5.txt', 135, 138, 0.12900137901306152, 0.23799920082092285
'TestCinemas/Random/700\\random_nrc_35_20_pe_60.0%_po_90.0%_1.txt', 153, 156, 0.19299817085266113, 0.3620035648345947
'TestCinemas/Random/700\\random_nrc_35_20_pe_60.0%_po_90.0%_2.txt', 159, 156, 0.18799853324890137, 0.3970026969909668
'TestCinemas/Random/700\\random_nrc_35_20_pe_60.0%_po_90.0%_3.txt', 133, 131, 0.1810152530670166, 0.2940232753753662
'TestCinemas/Random/700\\random_nrc_35_20_pe_60.0%_po_90.0%_4.txt', 138, 151, 0.17786598205566406, 0.4148733615875244
'TestCinemas/Random/700\\random_nrc_35_20_pe_60.0%_po_90.0%_5.txt', 123, 130, 0.16600346565246582, 0.4200277328491211
'TestCinemas/Random/700\\random_nrc_35_20_pe_80.0%_po_30.0%_1.txt', 34, 34, 0.021003246307373047, 0.039998531341552734
'TestCinemas/Random/700\\random_nrc_35_20_pe_80.0%_po_30.0%_2.txt', 36, 36, 0.02499985694885254, 0.04100203514099121
'TestCinemas/Random/700\\random_nrc_35_20_pe_80.0%_po_30.0%_3.txt', 44, 44, 0.027000904083251953, 0.040996551513671875
'TestCinemas/Random/700\\random_nrc_35_20_pe_80.0%_po_30.0%_4.txt', 42, 42, 0.02899909019470215, 0.047000885009765625
'TestCinemas/Random/700\\random_nrc_35_20_pe_80.0%_po_30.0%_5.txt', 37, 37, 0.02300119400024414, 0.03299832344055176
'TestCinemas/Random/700\\random_nrc_35_20_pe_80.0%_po_50.0%_1.txt', 51, 51, 0.04999661445617676, 0.0820012092590332
'TestCinemas/Random/700\\random_nrc_35_20_pe_80.0%_po_50.0%_2.txt', 52, 52, 0.038002967834472656, 0.05299997329711914
'TestCinemas/Random/700\\random_nrc_35_20_pe_80.0%_po_50.0%_3.txt', 39, 39, 0.037996530532836914, 0.05500054359436035
'TestCinemas/Random/700\\random_nrc_35_20_pe_80.0%_po_50.0%_4.txt', 44, 44, 0.03899979591369629, 0.05899953842163086
'TestCinemas/Random/700\\random_nrc_35_20_pe_80.0%_po_50.0%_5.txt', 46, 50, 0.03799629211425781, 0.07600021362304688
'TestCinemas/Random/700\\random_nrc_35_20_pe_80.0%_po_70.0%_1.txt', 58, 58, 0.06500124931335449, 0.0921013355255127
'TestCinemas/Random/700\\random_nrc_35_20_pe_80.0%_po_70.0%_2.txt', 54, 54, 0.052002906799316406, 0.07400274276733398
'TestCinemas/Random/700\\random_nrc_35_20_pe_80.0%_po_70.0%_3.txt', 60, 60, 0.05100297927856445, 0.07600188255310059
'TestCinemas/Random/700\\random_nrc_35_20_pe_80.0%_po_70.0%_4.txt', 62, 63, 0.05900001525878906, 0.12303423881530762
'TestCinemas/Random/700\\random_nrc_35_20_pe_80.0%_po_70.0%_5.txt', 54, 54, 0.06599926948547363, 0.10300230979919434
'TestCinemas/Random/700\\random_nrc_35_20_pe_80.0%_po_90.0%_1.txt', 63, 64, 0.07500219345092773, 0.1159980297088623
'TestCinemas/Random/700\\random_nrc_35_20_pe_80.0%_po_90.0%_2.txt', 47, 47, 0.059999942779541016, 0.0820004940032959
'TestCinemas/Random/700\\random_nrc_35_20_pe_80.0%_po_90.0%_3.txt', 83, 83, 0.0859994888305664, 0.12599945068359375
'TestCinemas/Random/700\\random_nrc_35_20_pe_80.0%_po_90.0%_4.txt', 62, 62, 0.06899857521057129, 0.0989985466003418
'TestCinemas/Random/700\\random_nrc_35_20_pe_80.0%_po_90.0%_5.txt', 54, 54, 0.08601546287536621, 0.12599825859069824
